0.0 0.0 0.0 0.0 0.0 0.0 0.0 0.0 1.0 0.0 0.41119636925092407 0.0 0.3938531587933978 0.0 0.0 0.0 0.0 0.0 0.0 0.865968026183283 0.4081770081770082 0.050000000000000044 0.0 0.0 0.0 0.0 0.0 0.0 0.0 0.0 0.0 0.0 0.0 0.0 0.0 0.0 0.0 0.0 
0.6818181818181818 0.0 0.0 0.0 0.0 0.0 0.0 1.0 0.0 0.0 0.0 0.0 0.0 0.0 0.5013297872340425 0.0 0.0 0.5013297872340425 0.0 0.0 0.0 0.0 0.0 0.0 0.0 0.050000000000000044 0.0 0.050000000000000044 0.0 0.0 0.0 0.0 0.0 0.0 0.0 0.0 0.0 0.0 
0.0 0.0 0.0 0.0 0.0 0.0 0.09999999999999998 0.0 0.0 0.0 0.09999999999999998 0.0 0.0 0.0 0.0 0.0 0.0 0.0 0.0 0.0 0.0 0.0 0.0 0.88 0.0 0.0 0.09999999999999998 0.0 0.0 0.0 0.0 0.0 0.0 0.0 0.0 0.0 0.0 0.8333333333333333 
0.0 0.09999999999999998 0.0 0.0 0.9307692307692308 0.050000000000000044 0.0 0.0 0.0 0.6619718309859155 0.0 0.37007389162561577 0.0 0.050000000000000044 0.0 0.09999999999999998 0.0 0.0 0.0 0.0 0.0 0.0 0.0 0.0 0.0 0.0 0.0 0.0 0.0 0.0 0.4144904458598726 0.0 0.7727272727272727 0.0 0.0 0.0 0.050000000000000044 0.0 
0.8428571428571429 0.0 0.0 0.0 0.0 0.0 0.3422222222222222 0.4616883116883117 0.0 0.0 0.19421159064590277 0.0 0.0 0.0 0.5089743589743589 0.0 0.0 0.5089743589743589 0.0 0.0 0.0 0.0 0.2966333030027297 0.0 0.0 0.09999999999999998 0.0 0.050000000000000044 0.0 0.0 0.2966333030027297 0.0 0.0 0.3464980114891737 0.0 0.0 0.0 0.0 
0.050000000000000044 0.3507887013939839 0.0 0.0 0.0 0.0 0.0 0.050000000000000044 0.0 0.600990099009901 0.0 0.0 0.0 0.0 0.0 0.0 0.0 0.0 0.0 0.0 0.0 0.0 0.0 0.0 0.0 0.050000000000000044 0.0 0.050000000000000044 0.3035643170051773 0.0 0.0 0.0 0.7142857142857143 0.0 0.0 0.0 0.0 0.0 
0.0 0.0 0.0 0.0 0.0 0.0 0.0 0.0 0.0 0.09999999999999998 0.0 0.0 0.0 0.0 0.0 0.0 0.0 0.0 0.0 0.0 0.0 0.0 0.0 0.5551577830814107 0.0 0.0 0.0 0.0 0.0 0.0 0.0 0.0 0.09999999999999998 0.0 0.0 0.0 0.0 0.4734543469359902 
0.0 0.0 0.0 0.0 0.0 0.0 0.09999999999999998 0.0 0.0 0.0 0.09999999999999998 0.0 0.0 0.0 0.0 0.0 0.0 0.0 0.0 0.0 0.0 0.0 0.0 0.7816691505216096 0.0 0.0 0.09999999999999998 0.0 0.0 0.0 0.0 0.0 0.0 0.0 0.0 0.0 0.0 0.7264816810344827 
0.8666666666666667 0.0 0.0 0.0 0.0 0.28544436196774403 0.0 0.4904923599320883 0.40476866307124615 0.0 0.284555081831935 0.0 0.0 0.0 0.5507246376811594 0.0 0.0 0.0 0.0 0.3444513715710724 0.0 0.0 0.0 0.0 0.0 0.09999999999999998 0.0 0.050000000000000044 0.0 0.0 0.0 0.0 0.0 0.0 0.0 0.0 0.0 0.0 
0.0 0.0 0.0 0.0 0.39585062240663904 0.0 0.5311004784688995 0.0 0.050000000000000044 0.0 0.0 0.35353604843148045 0.0 0.0 0.0 0.0 0.0 0.0 0.0 0.050000000000000044 0.4490497076023392 0.050000000000000044 0.0 0.0 0.0 0.0 0.0 0.0 0.0 0.0 0.0 0.0 0.0 0.0 0.0 0.0 0.0 0.0 
0.0 0.09999999999999998 0.0 0.0 1.0 0.050000000000000044 0.0 0.0 0.0 0.0 0.0 0.4554664415365133 0.0 0.050000000000000044 0.0 0.09999999999999998 0.0 0.0 0.0 0.0 0.0 0.0 0.0 0.0 0.0 0.0 0.0 0.0 0.0 0.0 0.4748359887535145 0.0 0.0 0.0 0.0 0.0 0.050000000000000044 0.0 
0.0 0.050000000000000044 0.0 0.0 0.050000000000000044 0.050000000000000044 0.0 0.0 0.0 0.0 0.0 0.0 0.0 0.8347826086956521 0.0 0.050000000000000044 0.0 0.0 0.0 0.0 0.0 0.0 0.0 0.0 0.0 0.0 0.0 0.0 0.0 0.0 0.050000000000000044 0.0 0.0 0.0 0.0 0.0 0.050000000000000044 0.0 
0.050000000000000044 0.0 0.0 0.0 0.7940298507462686 0.0 0.0 0.050000000000000044 0.0 0.0 0.0 0.4554664415365133 0.0 0.0 0.0 0.0 0.0 0.0 0.0 0.0 0.0 0.0 0.0 0.0 0.0 0.050000000000000044 0.0 0.050000000000000044 0.0 0.0 0.0 0.0 0.0 0.0 0.0 0.0 0.0 0.0 
0.0 0.0 0.0 0.0 0.0 0.0 0.0 0.0 0.050000000000000044 0.0 0.0 0.0 0.0 0.0 0.5013297872340425 0.0 0.0 0.0 0.0 0.050000000000000044 0.050000000000000044 1.0 0.0 0.0 0.0 0.0 0.0 0.0 0.0 0.0 0.0 0.0 0.0 0.0 0.0 0.0 0.0 0.0 
0.0 0.0 0.0 0.0 0.0 0.0 0.61021745606196 0.0 0.0 0.0 0.43238444607483495 0.0 0.0 0.0 0.0 0.0 0.0 0.0 0.0 0.0 0.0 0.0 0.4936257967754031 0.09999999999999998 0.0 0.0 0.09999999999999998 0.0 0.0 0.0 0.4936257967754031 0.0 0.0 0.351027397260274 0.0 0.0 0.0 0.09999999999999998 
1.0 0.0 0.0 0.0 0.0 0.0 0.0 0.6818181818181818 0.0 0.0 0.0 0.0 0.0 0.0 0.8333333333333333 0.0 0.0 0.0 0.0 0.0 0.0 0.0 0.0 0.0 0.0 0.09999999999999998 0.0 0.050000000000000044 0.0 0.0 0.0 0.0 0.0 0.0 0.0 0.0 0.0 0.0 
0.0 0.0 0.0 0.0 0.0 0.0 0.0 0.0 0.050000000000000044 0.0 0.0 0.0 0.0 0.0 0.3166399572649572 0.0 0.0 0.0 0.0 0.050000000000000044 0.050000000000000044 0.8565217391304347 0.0 0.4967684228749495 0.0 0.0 0.0 0.0 0.0 0.0 0.0 0.0 0.0 0.0 0.0 0.0 0.0 0.41708913263895286 
0.0 0.0 0.050000000000000044 0.050000000000000044 0.0 0.4005066387141859 0.0 0.0 0.0 0.0 0.0 0.050000000000000044 0.0 0.0 0.050000000000000044 0.0 0.0 0.0 0.0 0.0 0.0 0.0 0.0 0.0 0.0 0.0 0.0 0.0 0.0 0.0 0.0 0.0 0.0 0.43337146125250214 0.050000000000000044 0.0 0.0 0.0 
0.0 0.0 0.0 0.0 0.0 0.0 0.0 0.0 0.0 0.09999999999999998 0.0 0.0 0.0 0.0 0.0 0.0 0.0 0.0 0.0 0.0 0.0 0.0 0.0 0.5967335243553009 0.0 0.0 0.0 0.0 0.0 0.0 0.0 0.0 0.09999999999999998 0.0 0.0 0.0 0.0 0.5143698060941828 
0.0 0.0 0.0 0.0 0.0 0.0 0.0 0.0 0.0 0.0 0.0 0.0 0.0 0.0 0.0 0.0 0.050000000000000044 0.0 0.0 0.0 0.0 0.0 0.0 0.0 0.0 0.0 0.0 0.0 0.0 0.0 0.0 0.0 0.0 0.0 0.0 0.0 0.0 0.0 
0.0 0.09999999999999998 0.0 0.0 0.09999999999999998 0.050000000000000044 0.0 0.0 0.0 0.0 0.0 0.0 0.0 0.050000000000000044 0.41483918128654973 0.09999999999999998 0.0 0.0 0.0 0.0 0.0 0.9 0.0 0.0 0.0 0.0 0.0 0.0 0.0 0.0 0.09999999999999998 0.0 0.0 0.0 0.0 0.0 0.050000000000000044 0.0 
0.0 0.0 0.0 0.0 0.0 0.0 0.0 0.0 0.050000000000000044 0.0 0.0 0.0 0.0 0.6220095693779905 0.0 0.0 0.0 0.0 0.0 0.050000000000000044 0.46352739726027403 0.050000000000000044 0.0 0.0 0.0 0.0 0.0 0.0 0.0 0.0 0.0 0.0 0.0 0.0 0.49875930521091816 0.0 0.0 0.0 
0.050000000000000044 0.3560968320382547 0.0 0.0 0.0 0.0 0.0 0.050000000000000044 0.0 0.0 0.0 0.0 0.0 0.5617831074035453 0.0 0.0 0.0 0.0 0.0 0.0 0.0 0.0 0.0 0.0 0.0 0.050000000000000044 0.0 0.050000000000000044 0.3087378640776699 0.0 0.0 0.0 0.0 0.0 0.0 0.0 0.0 0.0 
0.050000000000000044 0.39058238408471047 0.0 0.0 0.0 0.0 0.0 0.050000000000000044 0.0 0.0 0.0 0.0 0.0 0.0 0.0 0.0 0.0 0.0 0.0 0.0 0.0 0.0 0.0 0.0 0.0 0.050000000000000044 0.0 0.050000000000000044 0.3422222222222222 0.0 0.0 0.0 0.0 0.0 0.0 0.0 0.0 0.0 
0.0 0.0 0.0 0.5091603053435114 0.0 0.3637459807073955 0.0 0.0 0.0 0.0 0.29050736497545016 0.0 0.0 0.0 0.0 0.0 0.0 0.0 0.0 0.3415693321353699 0.0 0.0 0.0 0.3826735994632673 0.0 0.0 0.0 0.0 0.0 0.5934065934065934 0.0 0.0 0.0 0.372702823845809 0.42092791219755554 0.40649350649350646 0.0 0.32972564812484273 
0.0 0.0 0.0 0.0 0.0 0.0 0.0 0.0 0.0 0.0 0.0 0.0 0.0 0.0 0.0 0.0 0.0 0.050000000000000044 0.0 0.0 0.0 0.0 0.0 0.0 0.0 0.0 0.0 0.0 0.0 0.0 0.0 0.0 0.0 0.0 0.0 0.0 0.0 0.0 
0.0 0.0 0.0 0.0 0.0 0.0 0.0 0.0 0.0 0.0 0.0 0.0 0.0 0.0 0.0 0.0 0.0 0.0 0.0 0.0 0.0 0.0 0.0 0.5091603053435114 0.0 0.0 0.0 0.4253246753246753 0.0 0.050000000000000044 0.0 0.0 0.0 0.0 0.0 0.0 0.0 0.42895320693828154 
0.0 0.09999999999999998 0.0 0.0 0.94 0.050000000000000044 0.0 0.0 0.0 0.0 0.0 0.3803969095591577 0.0 0.6492822966507177 0.0 0.09999999999999998 0.0 0.0 0.0 0.0 0.0 0.0 0.0 0.0 0.0 0.0 0.0 0.0 0.0 0.0 0.4216553287981859 0.0 0.0 0.0 0.0 0.0 0.050000000000000044 0.0 
0.0 0.0 0.0 0.0 0.0 0.0 0.45717234262125905 0.0 0.0 0.0 0.29050736497545016 0.0 0.0 0.0 0.0 0.0 0.0 0.0 0.0 0.0 0.0 0.0 0.40649350649350646 0.0 0.0 0.0 0.0 0.0 0.0 0.0 0.40649350649350646 0.0 0.0 0.480251071647275 0.0 0.0 0.0 0.0 
