0.3718133718133718 0.3938531587933978 0.5370023419203747 0.0 0.0 0.0 0.0 0.0 0.0 0.0 0.0 0.4918852106620808 0.050000000000000044 0.4504686137750654 0.050000000000000044 0.0 0.0 0.050000000000000044 0.0 0.0 0.4360663738408981 0.0 0.4504686137750654 0.0 0.5398671096345515 0.0 0.0 0.050000000000000044 0.24931201942533388 0.30401162970523643 0.5370023419203747 0.0 0.46524300441826216 0.5398671096345515 0.0 0.050000000000000044 0.0 0.0 0.0 0.3718133718133718 0.0 0.4360663738408981 0.0 0.30401162970523643 0.0 0.0 0.0 0.24931201942533388 0.0 
0.48279270374696737 0.0 0.0 0.25186289120715355 0.49355413478670995 0.0 0.36737204724409445 0.3422222222222222 0.6818181818181818 0.9526315789473684 0.7430619796484736 0.0 0.0 0.40649350649350646 0.5130010834236186 0.43452380952380953 0.0 0.4562818336162988 0.5509437303916608 0.0 1.0 0.0 0.40649350649350646 0.26682495496970693 0.3464980114891737 0.7237268061587051 0.0 0.5130010834236186 0.3905228758169934 0.0 0.7727272727272727 0.9526315789473684 0.42092791219755554 0.42092791219755554 1.0 0.0 0.48279270374696737 0.4989209390462154 0.28544436196774403 0.09999999999999998 0.7727272727272727 1.0 0.9307692307692308 0.49355413478670995 0.8347826086956521 0.8347826086956521 0.627906976744186 0.3851802403204272 0.3905228758169934 
0.0 0.0 0.0 0.0 0.0 0.0 0.0 0.0 0.0 0.0 0.0 0.09999999999999998 0.0 0.09999999999999998 0.0 0.0 0.0 0.0 0.0 0.0 0.0 0.050000000000000044 0.09999999999999998 0.0 0.09999999999999998 0.0 0.0 0.0 0.0 0.0 1.0 0.0 0.09999999999999998 0.09999999999999998 0.0 0.0 0.0 0.0 0.0 0.0 1.0 0.0 0.0 0.0 0.050000000000000044 0.0 0.0 0.0 0.0 
0.050000000000000044 0.0 0.050000000000000044 0.050000000000000044 0.0 0.6875 0.0 0.0 0.050000000000000044 0.9526315789473684 0.7430619796484736 0.09999999999999998 0.050000000000000044 0.40649350649350646 1.0 0.0 0.2836808340016038 0.8894736842105263 0.5509437303916608 0.0 0.050000000000000044 0.0 0.40649350649350646 0.0 0.3565721256480635 0.7237268061587051 0.0 0.8384615384615385 0.050000000000000044 0.0 0.9571428571428571 0.9526315789473684 0.42092791219755554 0.42092791219755554 1.0 1.0 0.0 0.4989209390462154 0.0 0.0 0.9571428571428571 1.0 0.94 0.6875 0.8480730223123732 0.8480730223123732 0.4793028322440087 0.0 0.0 
0.4221598877980365 0.0 0.0 0.050000000000000044 0.5847620793985514 0.208916447277262 0.5060499609679938 0.0 0.8428571428571429 0.34558823529411764 0.0 0.23950922579417921 0.0 0.21616719242902205 0.4501915708812261 0.4221598877980365 0.0 0.4501915708812261 0.0 0.0 0.4616883116883117 0.0 0.21616719242902205 0.0 0.26682495496970693 0.050000000000000044 0.0 0.37275985663082434 0.5060499609679938 0.27297247023809534 0.8428571428571429 0.050000000000000044 0.22446975648075418 0.26682495496970693 0.050000000000000044 0.0 0.33989993746091307 0.34558823529411764 0.0 0.0 0.0 0.050000000000000044 0.0 0.5847620793985514 0.050000000000000044 0.0 0.0 0.35818713450292394 0.36519648482838674 
0.050000000000000044 0.0 0.0 0.050000000000000044 0.0 0.0 0.0 0.0 0.050000000000000044 0.9594594594594594 0.7430619796484736 0.0 0.0 0.3500609508329947 0.0 0.0 0.0 0.0 0.5613338788870704 0.0 0.050000000000000044 0.0 0.3500609508329947 0.0 0.0 0.9181818181818182 0.0 0.0 0.0 0.0 0.050000000000000044 0.9594594594594594 0.36379123431934335 0.36379123431934335 1.0 0.0 0.0 0.5091603053435114 0.0 0.0 0.0 1.0 0.0 0.0 0.050000000000000044 0.0 0.42011019283746553 0.0 0.0 
0.0 0.0 0.0 0.0 0.0 0.0 0.0 0.0 0.0 0.0 0.0 0.0 0.0 0.0 0.0 0.0 0.0 0.0 0.0 0.0 0.0 0.050000000000000044 0.0 0.0 0.0 0.0 0.0 0.0 0.0 0.0 0.8157894736842105 0.0 0.0 0.0 0.0 0.0 0.0 0.0 0.0 0.0 0.8157894736842105 0.0 0.0 0.0 0.050000000000000044 0.0 0.0 0.0 0.0 
0.0 0.0 0.0 0.0 0.0 0.0 0.0 0.0 0.0 0.0 0.0 0.09999999999999998 0.0 0.09999999999999998 0.0 0.0 0.0 0.0 0.0 0.0 0.0 0.050000000000000044 0.09999999999999998 0.0 0.09999999999999998 0.0 0.0 0.0 0.0 0.0 0.9571428571428571 0.0 0.09999999999999998 0.09999999999999998 0.0 0.0 0.0 0.0 0.0 0.0 0.9571428571428571 0.0 0.0 0.0 0.050000000000000044 0.0 0.0 0.0 0.0 
0.37761069340016706 0.0 0.8809523809523809 0.050000000000000044 0.389753940792003 0.0 0.43752971379671013 0.0 0.8666666666666667 0.4504686137750654 0.0 0.3444513715710724 0.0 0.313605490307061 0.4910498306724722 0.0 0.0 0.4910498306724722 0.0 0.0 0.4904923599320883 0.0 0.313605490307061 0.0 0.3803969095591577 0.050000000000000044 0.0 0.4115151515151515 0.6546191978368634 0.561082110377885 0.8809523809523809 0.050000000000000044 0.3245861434702636 0.3803969095591577 0.050000000000000044 0.0 0.37761069340016706 0.4504686137750654 0.0 0.0 0.0 0.32472440944881886 0.0 0.561082110377885 0.050000000000000044 0.0 0.32472440944881886 0.6546191978368634 0.4734543469359902 
0.0 0.0 0.050000000000000044 0.0 0.0 0.0 0.0 0.0 0.0 0.0 0.0 0.0 0.09999999999999998 0.0 0.050000000000000044 0.0 0.0 0.050000000000000044 0.0 0.0 0.0 0.0 0.0 0.0 0.0 0.0 0.0 0.050000000000000044 0.050000000000000044 0.0 0.050000000000000044 0.0 0.0 0.0 0.0 0.050000000000000044 0.0 0.0 0.0 0.0 0.0 0.0 0.39585062240663904 0.0 0.342741935483871 0.342741935483871 0.0 0.0 0.0 
0.0 0.0 0.0 0.0 0.0 0.0 0.0 0.0 0.0 0.09999999999999998 0.0 0.0 0.0 0.0 0.0 0.0 0.0 0.0 0.0 0.0 0.0 0.0 0.0 0.0 0.43019498607242346 0.0 0.0 0.0 0.0 0.0 0.0 0.0 0.0 0.43019498607242346 0.0 0.0 0.0 0.0 0.0 0.0 0.0 0.0 1.0 0.0 0.95 0.95 0.0 0.0 0.0 
0.0 0.0 0.0 0.0 0.0 0.0 0.0 0.0 0.0 0.050000000000000044 0.0 0.0 0.0 0.0 0.0 0.0 0.0 0.0 0.0 0.0 0.0 0.0 0.0 0.0 0.0 0.627906976744186 0.0 0.0 0.0 0.0 0.0 0.0 0.0 0.0 0.0 0.0 0.0 0.0 0.0 0.0 0.0 0.627906976744186 0.050000000000000044 0.0 0.050000000000000044 0.050000000000000044 0.627906976744186 0.0 0.0 
0.050000000000000044 0.0 0.0 0.050000000000000044 0.0 0.0 0.0 0.0 0.050000000000000044 0.09999999999999998 0.0 0.0 0.0 0.0 0.0 0.0 0.0 0.0 0.0 0.0 0.050000000000000044 0.0 0.0 0.0 0.0 0.09999999999999998 0.0 0.0 0.0 0.0 0.050000000000000044 0.09999999999999998 0.0 0.0 0.09999999999999998 0.0 0.0 0.0 0.0 0.0 0.0 0.09999999999999998 0.7940298507462686 0.0 0.7044573643410853 0.7044573643410853 0.0 0.0 0.0 
0.0 0.0 0.050000000000000044 0.0 0.0 0.6875 0.0 0.0 0.0 0.09999999999999998 0.0 0.0 0.050000000000000044 0.0 1.0 0.0 0.0 0.8894736842105263 0.0 0.0 0.0 0.0 0.0 0.0 0.0 0.0 0.0 0.8384615384615385 0.2178518026250208 0.0 0.7608695652173914 0.0 0.0 0.0 0.0 1.0 0.0 0.0 0.0 0.0 0.7608695652173914 0.0 0.09999999999999998 0.6875 0.09999999999999998 0.09999999999999998 0.0 0.2178518026250208 0.0 
0.0 0.0 0.0 0.0 0.29876474926253693 0.3726336931960834 0.3726336931960834 0.0 0.0 0.0 0.0 0.4864606839090435 0.0 0.4584200786490862 0.0 0.0 0.0 0.0 0.0 0.0 0.0 0.0 0.4584200786490862 0.0 0.5194919647485744 0.0 0.0 0.0 0.3726336931960834 0.2862351190476191 0.09999999999999998 0.0 0.4683615058253081 0.5194919647485744 0.0 0.0 0.0 0.0 0.0 0.0 0.09999999999999998 0.0 0.0 0.3726336931960834 0.0 0.0 0.0 0.0 0.0 
0.6666666666666666 0.0 0.8809523809523809 0.050000000000000044 0.6785714285714286 0.208916447277262 0.6612903225806451 0.0 1.0 0.6724137931034483 0.0 0.3444513715710724 0.0 0.313605490307061 0.7777777777777778 0.4221598877980365 0.0 0.7777777777777778 0.0 0.0 0.6818181818181818 0.0 0.313605490307061 0.0 0.3803969095591577 0.050000000000000044 0.0 0.7 0.6923076923076923 0.561082110377885 1.0 0.050000000000000044 0.3245861434702636 0.3803969095591577 0.050000000000000044 0.0 0.6666666666666666 0.6724137931034483 0.0 0.0 0.0 0.32472440944881886 0.0 0.6785714285714286 0.050000000000000044 0.0 0.32472440944881886 0.6851851851851851 0.6923076923076923 
0.0 0.0 0.050000000000000044 0.0 0.0 0.5432867005813954 0.0 0.0 0.0 0.0 0.0 0.0 0.050000000000000044 0.0 0.8565217391304347 0.0 0.0 0.633649564375605 0.0 0.0 0.0 0.0 0.0 0.0 0.0 0.0 0.0 0.5608108108108109 0.2178518026250208 0.0 0.7608695652173914 0.0 0.0 0.0 0.0 0.8565217391304347 0.0 0.0 0.0 0.0 0.7608695652173914 0.0 0.0 0.5432867005813954 0.0 0.0 0.0 0.2178518026250208 0.0 
0.050000000000000044 0.0 0.0 0.0 0.2674654464833247 0.0 0.0 0.0 0.0 0.0 0.0 0.0 0.0 0.0 0.0 0.050000000000000044 0.0 0.0 0.0 0.050000000000000044 0.050000000000000044 0.0 0.0 0.0 0.050000000000000044 0.0 0.0 0.0 0.0 0.2553020442538856 0.0 0.0 0.0 0.0 0.0 0.050000000000000044 0.0 0.0 0.0 0.0 0.0 0.0 0.0 0.2674654464833247 0.0 0.0 0.0 0.0 0.0 
0.0 0.0 0.0 0.0 0.0 0.0 0.0 0.0 0.0 0.0 0.0 0.0 0.0 0.0 0.0 0.0 0.0 0.0 0.0 0.0 0.0 0.050000000000000044 0.0 0.0 0.0 0.0 0.0 0.0 0.0 0.0 0.8529411764705883 0.0 0.0 0.0 0.0 0.0 0.0 0.0 0.0 0.0 0.8529411764705883 0.0 0.0 0.0 0.050000000000000044 0.0 0.0 0.0 0.0 
0.050000000000000044 0.0 0.0 0.0 0.0 0.0 0.050000000000000044 0.0 0.0 0.050000000000000044 0.0 0.0 0.0 0.0 0.0 0.0 0.0 0.0 0.0 0.0 0.0 0.0 0.0 0.050000000000000044 0.0 0.0 0.0 0.0 0.050000000000000044 0.0 0.0 0.0 0.0 0.0 0.0 0.0 0.050000000000000044 0.050000000000000044 0.0 0.0 0.0 0.0 0.0 0.0 0.0 0.0 0.0 0.050000000000000044 0.050000000000000044 
0.0 0.0 0.0 0.0 0.0 0.534816549570648 0.0 0.0 0.0 0.09999999999999998 0.0 0.0 0.0 0.0 0.9 0.0 0.0 0.670388091440723 0.0 0.0 0.0 0.0 0.0 0.0 0.0 0.0 0.0 0.5800849575212393 0.0 0.0 0.0 0.0 0.0 0.0 0.0 0.9 0.0 0.0 0.0 0.0 0.0 0.0 0.09999999999999998 0.534816549570648 0.09999999999999998 0.09999999999999998 0.0 0.0 0.0 
0.0 0.0 0.050000000000000044 0.0 0.0 0.0 0.0 0.0 0.0 0.0 0.0 0.0 0.050000000000000044 0.0 0.050000000000000044 0.0 0.2836808340016038 0.050000000000000044 0.0 0.0 0.0 0.0 0.0 0.0 0.0 0.4793028322440087 0.0 0.050000000000000044 0.050000000000000044 0.0 0.050000000000000044 0.0 0.0 0.0 0.0 0.2836808340016038 0.0 0.0 0.0 0.0 0.0 0.4793028322440087 0.0 0.0 0.0 0.0 0.4793028322440087 0.0 0.0 
0.050000000000000044 0.0 0.0 0.050000000000000044 0.0 0.0 0.0 0.0 0.050000000000000044 0.9594594594594594 0.5007678864587195 0.0 0.0 0.0 0.0 0.0 0.0 0.0 0.5613338788870704 0.0 0.050000000000000044 0.0 0.0 0.0 0.0 0.9181818181818182 0.0 0.0 0.0 0.0 0.050000000000000044 0.9594594594594594 0.0 0.0 0.8815427994929768 0.0 0.0 0.5091603053435114 0.0 0.0 0.0 0.9181818181818182 0.0 0.0 0.050000000000000044 0.0 0.42011019283746553 0.0 0.0 
0.050000000000000044 0.0 0.0 0.050000000000000044 0.0 0.0 0.0 0.0 0.050000000000000044 1.0 0.5671726956660208 0.0 0.0 0.0 0.0 0.0 0.0 0.0 0.6282768777614138 0.0 0.050000000000000044 0.0 0.0 0.0 0.0 0.7752747252747253 0.0 0.0 0.0 0.0 0.050000000000000044 1.0 0.0 0.0 0.9526315789473684 0.0 0.0 0.5756825938566553 0.0 0.0 0.0 0.9526315789473684 0.0 0.0 0.050000000000000044 0.0 0.0 0.0 0.0 
0.6666666666666666 0.0 0.0 0.050000000000000044 0.6785714285714286 0.050000000000000044 0.6612903225806451 0.0 1.0 0.6724137931034483 0.0 0.3415693321353699 0.0 0.09999999999999998 0.7777777777777778 0.0 0.0 0.7777777777777778 0.0 0.0 0.6818181818181818 0.0 0.09999999999999998 0.0 0.09999999999999998 0.050000000000000044 0.0 0.7 0.6923076923076923 0.050000000000000044 1.0 0.050000000000000044 0.09999999999999998 0.3415693321353699 0.050000000000000044 0.0 0.6666666666666666 0.6724137931034483 0.0 0.0 1.0 0.050000000000000044 0.0 0.6785714285714286 0.050000000000000044 0.0 0.0 0.6851851851851851 0.6923076923076923 
0.3718133718133718 0.3938531587933978 0.5370023419203747 0.0 0.0 0.6875 0.0 0.0 0.0 0.0 0.0 0.4918852106620808 0.050000000000000044 0.4504686137750654 1.0 0.0 0.0 0.8894736842105263 0.0 0.0 0.4360663738408981 0.0 0.4504686137750654 0.0 0.5398671096345515 0.0 0.0 0.8384615384615385 0.24931201942533388 0.30401162970523643 0.9571428571428571 0.0 0.46524300441826216 0.5398671096345515 0.0 1.0 0.0 0.0 0.0 0.3718133718133718 0.9571428571428571 0.4360663738408981 0.0 0.6875 0.0 0.0 0.0 0.24931201942533388 0.0 
0.28544436196774403 0.0 0.0 0.25186289120715355 0.0 0.0 0.0 0.3422222222222222 0.0 0.0 0.0 0.0 0.0 0.0 0.0 0.26682495496970693 0.0 0.0 0.0 0.0 0.0 0.0 0.0 0.26682495496970693 0.0 0.0 0.0 0.0 0.0 0.0 0.7727272727272727 0.0 0.0 0.0 0.0 0.0 0.21242401122295784 0.0 0.28544436196774403 0.09999999999999998 0.7727272727272727 0.3422222222222222 0.0 0.0 0.0 0.0 0.0 0.0 0.0 
0.0 0.0 0.0 0.0 0.0 0.0 0.0 0.0 0.0 0.09999999999999998 0.0 0.0 0.0 0.0 0.0 0.0 0.0 0.0 0.0 0.0 0.0 0.0 0.0 0.0 0.3565721256480635 0.4793028322440087 0.0 0.0 0.0 0.0 0.0 0.0 0.0 0.3565721256480635 0.0 0.0 0.0 0.0 0.0 0.0 0.0 0.4793028322440087 0.94 0.0 0.8480730223123732 0.8480730223123732 0.4793028322440087 0.0 0.0 
0.0 0.0 0.050000000000000044 0.0 0.4892618424876489 0.38927708069529177 0.3726336931960834 0.0 0.0 0.0 0.0 0.4864606839090435 0.09999999999999998 0.4584200786490862 0.050000000000000044 0.0 0.0 0.050000000000000044 0.0 0.0 0.0 0.0 0.4584200786490862 0.0 0.5194919647485744 0.0 0.0 0.050000000000000044 0.3726336931960834 0.47586367880485525 0.09999999999999998 0.0 0.4683615058253081 0.5194919647485744 0.0 0.050000000000000044 0.0 0.0 0.0 0.0 0.09999999999999998 0.0 0.39585062240663904 0.4892618424876489 0.342741935483871 0.342741935483871 0.0 0.0 0.0 
