0.46153846153846156 0.7142857142857143 0.375 0.2 0.2857142857142857 0.0 0.0 0.0 0.0 0.0 0.0 0.6666666666666666 0.0 0.08465608465608465 0.23076923076923078 0.0 0.0 0.2222222222222222 0.0 0.0 0.0 0.38095238095238093 0.5 0.0 0.0 0.0 0.75 0.0 0.0 0.0 0.0 0.2857142857142857 0.16666666666666666 0.0 0.0 0.0 0.0 0.0 0.0 0.0 0.0 0.6666666666666666 0.16666666666666666 0.0 0.2857142857142857 0.0 0.1 0.2962962962962963 0.2222222222222222 0.4444444444444444 0.0 0.0 0.0 0.25 0.0 0.0 0.0 0.6666666666666666 0.25 
0.42403628117913833 0.6959706959706959 0.5883597883597883 0.3257843137254902 0.4871794871794871 0.0 0.0 0.0 0.0 0.0 0.0 0.6493197278911564 0.0 0.17711811997526286 0.3298059964726632 0.0 0.0 0.27023440955329503 0.0 0.0 0.0 0.3542362399505257 0.465406162464986 0.0 0.0 0.0 0.7564625850340135 0.0 0.0 0.0 0.0 0.3426739926739927 0.26437908496732027 0.0 0.0 0.0 0.0 0.0 0.0 0.0 0.0 0.6493197278911564 0.23660130718954248 0.0 0.3069597069597069 0.0 0.2115032679738562 0.3617991056071551 0.24166298098186642 0.39761167624944715 0.0 0.0 0.0 0.441025641025641 0.0 0.0 0.0 0.6493197278911564 0.2704014939309057 
0.5185185185185185 0.4166666666666667 0.2909090909090909 0.24242424242424243 0.25396825396825395 0.0 0.0 0.0 0.0 0.0 0.0 0.26666666666666666 0.0 0.2 0.3111111111111111 0.0 0.0 0.26666666666666666 0.0 0.0 0.0 0.6666666666666666 0.4666666666666666 0.0 0.0 0.0 0.48484848484848486 0.0 0.0 0.0 0.0 0.5333333333333333 0.2777777777777778 0.0 0.0 0.0 0.0 0.0 0.0 0.0 0.0 0.3636363636363636 0.42105263157894735 0.0 0.4705882352941177 0.0 0.14814814814814814 0.38095238095238093 0.3333333333333333 0.48484848484848486 0.0 0.0 0.0 0.10582010582010581 0.0 0.0 0.0 0.24242424242424243 0.5614035087719298 
0.2543171114599686 0.3945578231292517 0.287037037037037 0.19411764705882353 0.2761904761904762 0.0 0.0 0.0 0.0 0.0 0.0 0.369047619047619 0.0 0.10636982065553494 0.1978021978021978 0.0 0.0 0.12364243943191311 0.0 0.0 0.0 0.21273964131106987 0.2773109243697479 0.0 0.0 0.0 0.369047619047619 0.0 0.0 0.0 0.0 0.1578231292517007 0.1213235294117647 0.0 0.0 0.0 0.0 0.0 0.0 0.0 0.0 0.39215686274509803 0.1213235294117647 0.0 0.1578231292517007 0.0 0.09705882352941177 0.21637426900584794 0.12364243943191311 0.24728487886382622 0.0 0.0 0.0 0.3076923076923077 0.0 0.0 0.0 0.556390977443609 0.13865546218487396 
0.0 0.0 0.0 0.0 0.0 0.0 0.0 0.0 0.0 0.0 0.0 0.0 0.0 0.0 0.0 0.0 0.0 0.0 0.0 0.0 0.0 0.0 0.0 0.0 0.0 0.0 0.0 0.0 0.0 0.0 0.0 0.0 0.0 0.0 0.0 0.0 0.0 0.0 0.0 0.0 0.0 0.0 0.0 0.0 0.0 0.0 0.0 0.0 0.0 0.0 0.0 0.0 0.0 0.0 0.0 0.0 0.0 0.0 0.0 
0.0 0.0 0.0 0.0 0.0 0.0 0.0 0.0 0.0 0.0 0.0 0.0 0.0 0.0 0.0 0.0 0.0 0.0 0.0 0.0 0.0 0.0 0.0 0.0 0.0 0.0 0.0 0.0 0.0 0.0 0.0 0.0 0.0 0.0 0.0 0.0 0.0 0.0 0.0 0.0 0.0 0.0 0.0 0.0 0.0 0.0 0.0 0.0 0.0 0.0 0.0 0.0 0.0 0.0 0.0 0.0 0.0 0.0 0.0 
0.0 0.0 0.0 0.0 0.0 0.0 0.0 0.0 0.0 0.0 0.0 0.0 0.0 0.0 0.0 0.0 0.0 0.0 0.0 0.0 0.0 0.0 0.0 0.0 0.0 0.0 0.0 0.0 0.0 0.0 0.0 0.0 0.0 0.0 0.0 0.0 0.0 0.0 0.0 0.0 0.0 0.0 0.0 0.0 0.0 0.0 0.0 0.0 0.0 0.0 0.0 0.0 0.0 0.0 0.0 0.0 0.0 0.0 0.0 
0.2857142857142857 0.4444444444444444 0.25 0.1568627450980392 0.2222222222222222 0.0 0.0 0.0 0.0 0.0 0.0 0.4166666666666667 0.0 0.07272727272727272 0.17142857142857143 0.0 0.0 0.14035087719298245 0.0 0.0 0.0 0.24242424242424243 0.3137254901960784 0.0 0.0 0.0 0.4166666666666667 0.0 0.0 0.0 0.0 0.17777777777777778 0.11764705882352941 0.0 0.0 0.0 0.0 0.0 0.0 0.0 0.0 0.4444444444444444 0.11764705882352941 0.0 0.17777777777777778 0.0 0.0784313725490196 0.21052631578947367 0.14035087719298245 0.2807017543859649 0.0 0.0 0.0 0.2222222222222222 0.0 0.0 0.0 0.6666666666666666 0.1568627450980392 
0.0 0.0 0.0 0.0 0.0 0.0 0.0 0.0 0.0 0.0 0.0 0.0 0.0 0.0 0.0 0.0 0.0 0.0 0.0 0.0 0.0 0.0 0.0 0.0 0.0 0.0 0.0 0.0 0.0 0.0 0.0 0.0 0.0 0.0 0.0 0.0 0.0 0.0 0.0 0.0 0.0 0.0 0.0 0.0 0.0 0.0 0.0 0.0 0.0 0.0 0.0 0.0 0.0 0.0 0.0 0.0 0.0 0.0 0.0 
0.6666666666666666 0.5333333333333333 0.34782608695652173 0.2823529411764706 0.30476190476190473 0.0 0.0 0.0 0.0 0.0 0.0 0.42105263157894735 0.0 0.15458937198067632 0.3333333333333333 0.0 0.0 0.42105263157894735 0.0 0.0 0.0 0.6956521739130435 0.7058823529411765 0.0 0.0 0.0 0.6956521739130435 0.0 0.0 0.0 0.0 0.7619047619047619 0.31746031746031744 0.0 0.0 0.0 0.0 0.0 0.0 0.0 0.0 0.25 0.4444444444444444 0.0 0.75 0.0 0.18823529411764706 0.5079365079365079 0.43478260869565216 0.6956521739130435 0.0 0.0 0.0 0.11764705882352941 0.0 0.0 0.0 0.25 0.6666666666666666 
0.6666666666666666 0.625 0.2 0.36 0.25 0.0 0.0 0.0 0.0 0.0 0.0 0.7 0.0 0.1234567901234568 0.3333333333333333 0.0 0.0 0.7 0.0 0.0 0.0 0.5555555555555556 0.6 0.0 0.0 0.0 0.4 0.0 0.0 0.0 0.0 0.875 0.6666666666666666 0.0 0.0 0.0 0.0 0.0 0.0 0.0 0.0 0.23529411764705882 0.3703703703703704 0.0 0.625 0.0 0.3111111111111111 0.4166666666666667 0.9 0.4 0.0 0.0 0.0 0.1388888888888889 0.0 0.0 0.0 0.23529411764705882 0.5555555555555556 
0.42857142857142855 0.6666666666666666 0.5 0.18823529411764706 0.26666666666666666 0.0 0.0 0.0 0.0 0.0 0.0 0.625 0.0 0.08080808080808081 0.21428571428571427 0.0 0.0 0.21052631578947367 0.0 0.0 0.0 0.36363636363636365 0.47058823529411764 0.0 0.0 0.0 1.0 0.0 0.0 0.0 0.0 0.26666666666666666 0.1568627450980392 0.0 0.0 0.0 0.0 0.0 0.0 0.0 0.0 0.625 0.1568627450980392 0.0 0.26666666666666666 0.0 0.09411764705882353 0.2807017543859649 0.21052631578947367 0.42105263157894735 0.0 0.0 0.0 0.23333333333333334 0.0 0.0 0.0 0.625 0.23529411764705882 
0.4444444444444444 0.5 0.23809523809523808 0.25263157894736843 0.22222222222222224 0.0 0.0 0.0 0.0 0.0 0.0 0.4 0.0 0.1414141414141414 0.2222222222222222 0.0 0.0 0.4 0.0 0.0 0.0 0.6363636363636364 0.631578947368421 0.0 0.0 0.0 0.47619047619047616 0.0 0.0 0.0 0.0 0.6666666666666666 0.2962962962962963 0.0 0.0 0.0 0.0 0.0 0.0 0.0 0.0 0.23529411764705882 0.39999999999999997 0.0 0.6666666666666666 0.0 0.17777777777777776 0.3703703703703704 0.4 0.47619047619047616 0.0 0.0 0.0 0.1111111111111111 0.0 0.0 0.0 0.23529411764705882 0.6 
0.3418803418803419 0.35714285714285715 0.27777777777777773 0.2698412698412698 0.20408163265306123 0.0 0.0 0.0 0.0 0.0 0.0 0.3333333333333333 0.0 0.10966810966810966 0.22792022792022792 0.0 0.0 0.1111111111111111 0.0 0.0 0.0 0.30158730158730157 0.4722222222222222 0.0 0.0 0.0 0.41666666666666663 0.0 0.0 0.0 0.0 0.14285714285714285 0.1 0.0 0.0 0.0 0.0 0.0 0.0 0.0 0.0 0.35294117647058826 0.18 0.0 0.14285714285714285 0.0 0.07142857142857142 0.17777777777777776 0.1111111111111111 0.2222222222222222 0.0 0.0 0.0 0.2 0.0 0.0 0.0 0.47368421052631576 0.225 
0.47058823529411764 0.5333333333333333 0.3684210526315789 0.29473684210526313 0.3368421052631579 0.0 0.0 0.0 0.0 0.0 0.0 0.42105263157894735 0.0 0.16374269005847952 0.23529411764705882 0.0 0.0 0.42105263157894735 0.0 0.0 0.0 0.7368421052631579 0.7 0.0 0.0 0.0 0.7368421052631579 0.0 0.0 0.0 0.0 0.8235294117647058 0.3137254901960784 0.0 0.0 0.0 0.0 0.0 0.0 0.0 0.0 0.375 0.3703703703703704 0.0 0.625 0.0 0.18823529411764706 0.5614035087719298 0.42105263157894735 0.7368421052631579 0.0 0.0 0.0 0.11764705882352941 0.0 0.0 0.0 0.375 0.5555555555555556 
0.5 0.3125 0.2333333333333333 0.21428571428571427 0.22222222222222224 0.0 0.0 0.0 0.0 0.0 0.0 0.4782608695652174 0.0 0.1414141414141414 0.3333333333333333 0.0 0.0 0.30434782608695654 0.0 0.0 0.0 0.3888888888888889 0.375 0.0 0.0 0.0 0.35 0.0 0.0 0.0 0.0 0.3684210526315789 0.26666666666666666 0.0 0.0 0.0 0.0 0.0 0.0 0.0 0.0 0.3684210526315789 0.22222222222222224 0.0 0.3125 0.0 0.19047619047619047 0.3111111111111111 0.25 0.2222222222222222 0.0 0.0 0.0 0.11111111111111112 0.0 0.0 0.0 0.21428571428571427 0.2777777777777778 
0.0 0.0 0.0 0.0 0.0 0.0 0.0 0.0 0.0 0.0 0.0 0.0 0.0 0.0 0.0 0.0 0.0 0.0 0.0 0.0 0.0 0.0 0.0 0.0 0.0 0.0 0.0 0.0 0.0 0.0 0.0 0.0 0.0 0.0 0.0 0.0 0.0 0.0 0.0 0.0 0.0 0.0 0.0 0.0 0.0 0.0 0.0 0.0 0.0 0.0 0.0 0.0 0.0 0.0 0.0 0.0 0.0 0.0 0.0 
0.0 0.0 0.0 0.0 0.0 0.0 0.0 0.0 0.0 0.0 0.0 0.0 0.0 0.0 0.0 0.0 0.0 0.0 0.0 0.0 0.0 0.0 0.0 0.0 0.0 0.0 0.0 0.0 0.0 0.0 0.0 0.0 0.0 0.0 0.0 0.0 0.0 0.0 0.0 0.0 0.0 0.0 0.0 0.0 0.0 0.0 0.0 0.0 0.0 0.0 0.0 0.0 0.0 0.0 0.0 0.0 0.0 0.0 0.0 
0.0 0.0 0.0 0.0 0.0 0.0 0.0 0.0 0.0 0.0 0.0 0.0 0.0 0.0 0.0 0.0 0.0 0.0 0.0 0.0 0.0 0.0 0.0 0.0 0.0 0.0 0.0 0.0 0.0 0.0 0.0 0.0 0.0 0.0 0.0 0.0 0.0 0.0 0.0 0.0 0.0 0.0 0.0 0.0 0.0 0.0 0.0 0.0 0.0 0.0 0.0 0.0 0.0 0.0 0.0 0.0 0.0 0.0 0.0 
0.5882352941176471 0.6666666666666666 0.38095238095238093 0.30476190476190473 0.3368421052631579 0.0 0.0 0.0 0.0 0.0 0.0 0.42105263157894735 0.0 0.1728395061728395 0.29411764705882354 0.0 0.0 0.42105263157894735 0.0 0.0 0.0 0.7777777777777778 0.7272727272727273 0.0 0.0 0.0 0.7619047619047619 0.0 0.0 0.0 0.0 0.8421052631578947 0.39215686274509803 0.0 0.0 0.0 0.0 0.0 0.0 0.0 0.0 0.25 0.5490196078431372 0.0 0.8 0.0 0.18823529411764706 0.5614035087719298 0.5263157894736842 0.7619047619047619 0.0 0.0 0.0 0.11764705882352941 0.0 0.0 0.0 0.25 0.8235294117647058 
0.2222222222222222 0.0 0.08333333333333333 0.17777777777777776 0.0 0.0 0.0 0.0 0.0 0.0 0.0 0.0 0.0 0.04938271604938271 0.1111111111111111 0.0 0.0 0.0 0.0 0.0 0.0 0.2222222222222222 0.4444444444444444 0.0 0.0 0.0 0.16666666666666666 0.0 0.0 0.0 0.0 0.0 0.0 0.0 0.0 0.0 0.0 0.0 0.0 0.0 0.0 0.0 0.13333333333333333 0.0 0.0 0.0 0.0 0.0 0.0 0.0 0.0 0.0 0.0 0.0 0.0 0.0 0.0 0.0 0.2 
0.0 0.0 0.0 0.0 0.0 0.0 0.0 0.0 0.0 0.0 0.0 0.0 0.0 0.0 0.0 0.0 0.0 0.0 0.0 0.0 0.0 0.0 0.0 0.0 0.0 0.0 0.0 0.0 0.0 0.0 0.0 0.0 0.0 0.0 0.0 0.0 0.0 0.0 0.0 0.0 0.0 0.0 0.0 0.0 0.0 0.0 0.0 0.0 0.0 0.0 0.0 0.0 0.0 0.0 0.0 0.0 0.0 0.0 0.0 
0.0 0.0 0.0 0.0 0.0 0.0 0.0 0.0 0.0 0.0 0.0 0.0 0.0 0.0 0.0 0.0 0.0 0.0 0.0 0.0 0.0 0.0 0.0 0.0 0.0 0.0 0.0 0.0 0.0 0.0 0.0 0.0 0.0 0.0 0.0 0.0 0.0 0.0 0.0 0.0 0.0 0.0 0.0 0.0 0.0 0.0 0.0 0.0 0.0 0.0 0.0 0.0 0.0 0.0 0.0 0.0 0.0 0.0 0.0 
0.0 0.0 0.0 0.0 0.0 0.0 0.0 0.0 0.0 0.0 0.0 0.0 0.0 0.0 0.0 0.0 0.0 0.0 0.0 0.0 0.0 0.0 0.0 0.0 0.0 0.0 0.0 0.0 0.0 0.0 0.0 0.0 0.0 0.0 0.0 0.0 0.0 0.0 0.0 0.0 0.0 0.0 0.0 0.0 0.0 0.0 0.0 0.0 0.0 0.0 0.0 0.0 0.0 0.0 0.0 0.0 0.0 0.0 0.0 
0.7406593406593407 1.1457875457875457 0.7874149659863946 0.5009803921568627 0.7161172161172161 0.0 0.0 0.0 0.0 0.0 0.0 1.069047619047619 0.0 0.25425685425685424 0.5290423861852434 0.0 0.0 0.35610595115239074 0.0 0.0 0.0 0.6102164502164502 0.8015686274509803 0.0 0.0 0.0 1.1023809523809525 0.0 0.0 0.0 0.0 0.4583150183150183 0.33398692810457514 0.0 0.0 0.0 0.0 0.0 0.0 0.0 0.0 1.1014005602240897 0.33398692810457514 0.0 0.4583150183150183 0.0 0.25049019607843137 0.5935099185873179 0.35610595115239074 0.7122119023047815 0.0 0.0 0.0 0.7151515151515152 0.0 0.0 0.0 1.331328320802005 0.40078431372549017 
1.3006535947712419 1.0096153846153846 0.6757575757575758 0.6363636363636365 0.6938775510204082 0.0 0.0 0.0 0.0 0.0 0.0 0.9135549872122761 0.0 0.47296494355317886 0.8671023965141612 0.0 0.0 0.7396419437340154 0.0 0.0 0.0 1.3006535947712419 1.1 0.0 0.0 0.0 1.0136363636363637 0.0 0.0 0.0 0.0 1.0761133603238866 0.7555555555555555 0.0 0.0 0.0 0.0 0.0 0.0 0.0 0.0 0.9569377990430621 0.8257309941520468 0.0 1.050056561085973 0.0 0.46984126984126984 0.9714285714285713 0.7941176470588236 0.8211527035056447 0.0 0.0 0.0 0.3174603174603175 0.0 0.0 0.0 0.6066302118933697 1.0321637426900585 
0.0 0.0 0.0 0.0 0.0 0.0 0.0 0.0 0.0 0.0 0.0 0.0 0.0 0.0 0.0 0.0 0.0 0.0 0.0 0.0 0.0 0.0 0.0 0.0 0.0 0.0 0.0 0.0 0.0 0.0 0.0 0.0 0.0 0.0 0.0 0.0 0.0 0.0 0.0 0.0 0.0 0.0 0.0 0.0 0.0 0.0 0.0 0.0 0.0 0.0 0.0 0.0 0.0 0.0 0.0 0.0 0.0 0.0 0.0 
0.0 0.0 0.0 0.0 0.0 0.0 0.0 0.0 0.0 0.0 0.0 0.0 0.0 0.0 0.0 0.0 0.0 0.0 0.0 0.0 0.0 0.0 0.0 0.0 0.0 0.0 0.0 0.0 0.0 0.0 0.0 0.0 0.0 0.0 0.0 0.0 0.0 0.0 0.0 0.0 0.0 0.0 0.0 0.0 0.0 0.0 0.0 0.0 0.0 0.0 0.0 0.0 0.0 0.0 0.0 0.0 0.0 0.0 0.0 
0.803921568627451 0.8 0.699720315280956 0.6026831785345718 0.6582885785893305 0.0 0.0 0.0 0.0 0.0 0.0 0.631578947368421 0.0 0.38166562651688507 0.5359477124183006 0.0 0.0 0.631578947368421 0.0 0.0 0.0 1.049580472921434 1.0211229946524065 0.0 0.0 0.0 1.049580472921434 0.0 0.0 0.0 0.0 1.1611381394663127 0.5669467787114846 0.0 0.0 0.0 0.0 0.0 0.0 0.0 0.0 0.4375 0.7555555555555555 0.0 1.055921052631579 0.0 0.4033613445378151 0.9216040100250626 0.6384439359267734 1.049580472921434 0.0 0.0 0.0 0.2823529411764706 0.0 0.0 0.0 0.4375 0.9444444444444444 
