0.0 0.7142857142857143 0.25 0.0 0.0 0.0 0.0 0.625 0.46153846153846156 0.25 0.0 0.0 0.0 0.0 0.7142857142857143 0.0 0.0 0.0 0.0 0.0 1.0 0.4 0.0 0.0 0.23529411764705882 0.0 0.4444444444444444 0.0 0.26666666666666666 0.0 0.4444444444444444 0.0 0.0 0.0 0.0 0.75 0.0 0.0 0.0 0.5263157894736842 0.38095238095238093 0.0 0.25 0.2857142857142857 0.5 0.0 0.0 0.0 0.0 
0.0 1.0 0.4444444444444444 0.0 0.0 0.0 0.0 0.875 0.5555555555555556 0.5555555555555556 0.0 0.0 0.0 0.0 1.0 0.0 0.0 0.0 0.0 0.0 1.0 0.5 0.0 0.0 0.42105263157894735 0.0 0.5555555555555556 0.0 0.47058823529411764 0.0 0.5555555555555556 0.0 0.0 0.0 0.0 0.9333333333333333 0.0 0.0 0.0 0.7368421052631579 0.47619047619047616 0.0 0.5555555555555556 0.5 0.5714285714285714 0.0 0.0 0.0 0.0 
0.0 0.38095238095238093 0.8421052631578947 0.0 0.0 0.0 0.0 0.34782608695652173 0.7777777777777778 0.4444444444444444 0.0 0.0 0.0 0.0 0.38095238095238093 0.0 0.0 0.0 0.0 0.0 0.47619047619047616 0.5217391304347826 0.0 0.0 0.42105263157894735 0.0 0.5714285714285714 0.0 0.6363636363636364 0.0 0.8235294117647058 0.0 0.0 0.0 0.0 0.5 0.0 0.0 0.0 0.3076923076923077 1.0 0.0 0.5555555555555556 0.5 0.7619047619047619 0.0 0.0 0.0 0.0 
0.0 0.0 0.0 0.0 0.0 0.0 0.0 0.0 0.0 0.0 0.0 0.0 0.0 0.0 0.0 0.0 0.0 0.0 0.0 0.0 0.0 0.0 0.0 0.0 0.0 0.0 0.0 0.0 0.0 0.0 0.0 0.0 0.0 0.0 0.0 0.0 0.0 0.0 0.0 0.0 0.0 0.0 0.0 0.0 0.0 0.0 0.0 0.0 0.0 
0.0 0.0 0.0 0.0 0.0 0.0 0.0 0.0 0.0 0.0 0.0 0.0 0.0 0.0 0.0 0.0 0.0 0.0 0.0 0.0 0.0 0.0 0.0 0.0 0.0 0.0 0.0 0.0 0.0 0.0 0.0 0.0 0.0 0.0 0.0 0.0 0.0 0.0 0.0 0.0 0.0 0.0 0.0 0.0 0.0 0.0 0.0 0.0 0.0 
0.0 0.0 0.0 0.0 0.0 0.0 0.0 0.0 0.0 0.0 0.0 0.0 0.0 0.0 0.0 0.0 0.0 0.0 0.0 0.0 0.0 0.0 0.0 0.0 0.0 0.0 0.0 0.0 0.0 0.0 0.0 0.0 0.0 0.0 0.0 0.0 0.0 0.0 0.0 0.0 0.0 0.0 0.0 0.0 0.0 0.0 0.0 0.0 0.0 
0.0 0.0 0.0 0.0 0.0 0.0 0.0 0.0 0.0 0.0 0.0 0.0 0.0 0.0 0.0 0.0 0.0 0.0 0.0 0.0 0.0 0.0 0.0 0.0 0.0 0.0 0.0 0.0 0.0 0.0 0.0 0.0 0.0 0.0 0.0 0.0 0.0 0.0 0.0 0.0 0.0 0.0 0.0 0.0 0.0 0.0 0.0 0.0 0.0 
0.0 0.6666666666666666 0.23529411764705882 0.0 0.0 0.0 0.0 0.5882352941176471 0.42857142857142855 0.23529411764705882 0.0 0.0 0.0 0.0 0.9473684210526315 0.0 0.0 0.0 0.0 0.0 0.9333333333333333 0.38095238095238093 0.0 0.0 0.2222222222222222 0.0 0.42105263157894735 0.0 0.25 0.0 0.42105263157894735 0.0 0.0 0.0 0.0 0.75 0.0 0.0 0.0 0.6 0.36363636363636365 0.0 0.23529411764705882 0.26666666666666666 0.47058823529411764 0.0 0.0 0.0 0.0 
0.0 0.0 0.0 0.0 0.0 0.0 0.0 0.0 0.0 0.0 0.0 0.0 0.0 0.0 0.0 0.0 0.0 0.0 0.0 0.0 0.0 0.0 0.0 0.0 0.0 0.0 0.0 0.0 0.0 0.0 0.0 0.0 0.0 0.0 0.0 0.0 0.0 0.0 0.0 0.0 0.0 0.0 0.0 0.0 0.0 0.0 0.0 0.0 0.0 
0.0 0.26666666666666666 0.6666666666666666 0.0 0.0 0.0 0.0 0.23529411764705882 0.6666666666666666 0.47058823529411764 0.0 0.0 0.0 0.0 0.26666666666666666 0.0 0.0 0.0 0.0 0.0 0.47058823529411764 0.21052631578947367 0.0 0.0 0.4444444444444444 0.0 0.23529411764705882 0.0 0.6363636363636364 0.0 0.8 0.0 0.0 0.0 0.0 0.25 0.0 0.0 0.0 0.2 0.6956521739130435 0.0 0.47619047619047616 0.5333333333333333 0.8 0.0 0.0 0.0 0.0 
0.0 0.25 0.5555555555555556 0.0 0.0 0.0 0.0 0.2222222222222222 0.6666666666666666 0.7777777777777778 0.0 0.0 0.0 0.0 0.25 0.0 0.0 0.0 0.0 0.0 0.5555555555555556 0.2 0.0 0.0 0.42105263157894735 0.0 0.2222222222222222 0.0 0.5882352941176471 0.0 0.6666666666666666 0.0 0.0 0.0 0.0 0.23529411764705882 0.0 0.0 0.0 0.19047619047619047 0.5555555555555556 0.0 1.0 0.5 0.631578947368421 0.0 0.0 0.0 0.0 
0.0 0.6666666666666666 0.23529411764705882 0.0 0.0 0.0 0.0 0.5882352941176471 0.42857142857142855 0.23529411764705882 0.0 0.0 0.0 0.0 0.6666666666666666 0.0 0.0 0.0 0.0 0.0 0.9333333333333333 0.38095238095238093 0.0 0.0 0.2222222222222222 0.0 0.42105263157894735 0.0 0.25 0.0 0.42105263157894735 0.0 0.0 0.0 0.0 0.875 0.0 0.0 0.0 0.5 0.36363636363636365 0.0 0.23529411764705882 0.26666666666666666 0.47058823529411764 0.0 0.0 0.0 0.0 
0.0 0.25 0.6 0.0 0.0 0.0 0.0 0.2222222222222222 0.4444444444444444 0.4444444444444444 0.0 0.0 0.0 0.0 0.25 0.0 0.0 0.0 0.0 0.0 0.4444444444444444 0.2 0.0 0.0 0.42105263157894735 0.0 0.2222222222222222 0.0 0.47619047619047616 0.0 0.5333333333333333 0.0 0.0 0.0 0.0 0.23529411764705882 0.0 0.0 0.0 0.19047619047619047 0.6363636363636364 0.0 0.4444444444444444 0.5 0.7058823529411765 0.0 0.0 0.0 0.0 
0.0 0.7142857142857143 0.25 0.0 0.0 0.0 0.0 0.625 0.46153846153846156 0.25 0.0 0.0 0.0 0.0 1.0 0.0 0.0 0.0 0.0 0.0 1.0 0.4 0.0 0.0 0.25 0.0 0.4444444444444444 0.0 0.26666666666666666 0.0 0.4444444444444444 0.0 0.0 0.0 0.0 0.8 0.0 0.0 0.0 0.631578947368421 0.38095238095238093 0.0 0.25 0.2857142857142857 0.5 0.0 0.0 0.0 0.0 
0.0 0.4 0.5555555555555556 0.0 0.0 0.0 0.0 0.35294117647058826 0.47058823529411764 0.47058823529411764 0.0 0.0 0.0 0.0 0.4 0.0 0.0 0.0 0.0 0.0 0.47058823529411764 0.3157894736842105 0.0 0.0 0.4444444444444444 0.0 0.35294117647058826 0.0 0.7368421052631579 0.0 0.5714285714285714 0.0 0.0 0.0 0.0 0.375 0.0 0.0 0.0 0.3 0.7368421052631579 0.0 0.47058823529411764 0.5333333333333333 0.7777777777777778 0.0 0.0 0.0 0.0 
0.0 0.46153846153846156 0.5555555555555556 0.0 0.0 0.0 0.0 0.4 1.0 0.6666666666666666 0.0 0.0 0.0 0.0 0.46153846153846156 0.0 0.0 0.0 0.0 0.0 0.5555555555555556 0.6 0.0 0.0 0.42105263157894735 0.0 0.6666666666666666 0.0 0.5882352941176471 0.0 0.8235294117647058 0.0 0.0 0.0 0.0 0.6666666666666666 0.0 0.0 0.0 0.34782608695652173 0.7777777777777778 0.0 0.6666666666666666 0.5 0.7368421052631579 0.0 0.0 0.0 0.0 
0.0 0.0 0.0 0.0 0.0 0.0 0.0 0.0 0.0 0.0 0.0 0.0 0.0 0.0 0.0 0.0 0.0 0.0 0.0 0.0 0.0 0.0 0.0 0.0 0.0 0.0 0.0 0.0 0.0 0.0 0.0 0.0 0.0 0.0 0.0 0.0 0.0 0.0 0.0 0.0 0.0 0.0 0.0 0.0 0.0 0.0 0.0 0.0 0.0 
0.0 0.0 0.0 0.0 0.0 0.0 0.0 0.0 0.0 0.0 0.0 0.0 0.0 0.0 0.0 0.0 0.0 0.0 0.0 0.0 0.0 0.0 0.0 0.0 0.0 0.0 0.0 0.0 0.0 0.0 0.0 0.0 0.0 0.0 0.0 0.0 0.0 0.0 0.0 0.0 0.0 0.0 0.0 0.0 0.0 0.0 0.0 0.0 0.0 
0.0 0.0 0.0 0.0 0.0 0.0 0.0 0.0 0.0 0.0 0.0 0.0 0.0 0.0 0.0 0.0 0.0 0.0 0.0 0.0 0.0 0.0 0.0 0.0 0.0 0.0 0.0 0.0 0.0 0.0 0.0 0.0 0.0 0.0 0.0 0.0 0.0 0.0 0.0 0.0 0.0 0.0 0.0 0.0 0.0 0.0 0.0 0.0 0.0 
0.0 0.26666666666666666 0.8235294117647058 0.0 0.0 0.0 0.0 0.23529411764705882 0.5882352941176471 0.47058823529411764 0.0 0.0 0.0 0.0 0.2857142857142857 0.0 0.0 0.0 0.0 0.0 0.47058823529411764 0.21052631578947367 0.0 0.0 0.4444444444444444 0.0 0.23529411764705882 0.0 0.7 0.0 0.7142857142857143 0.0 0.0 0.0 0.0 0.25 0.0 0.0 0.0 0.2 0.7777777777777778 0.0 0.5882352941176471 0.5333333333333333 0.8 0.0 0.0 0.0 0.0 
0.0 0.0 0.2 0.0 0.0 0.0 0.0 0.0 0.2222222222222222 0.0 0.0 0.0 0.0 0.0 0.9090909090909091 0.0 0.0 0.0 0.0 0.0 0.0 0.0 0.0 0.0 0.2222222222222222 0.0 0.0 0.0 0.2222222222222222 0.0 0.2222222222222222 0.0 0.0 0.0 0.0 0.0 0.0 0.0 0.0 0.0 0.2222222222222222 0.0 0.0 0.0 0.36363636363636365 0.0 0.0 0.0 0.0 
0.0 0.0 0.0 0.0 0.0 0.0 0.0 0.0 0.0 0.0 0.0 0.0 0.0 0.0 0.0 0.0 0.0 0.0 0.0 0.0 0.0 0.0 0.0 0.0 0.0 0.0 0.0 0.0 0.0 0.0 0.0 0.0 0.0 0.0 0.0 0.0 0.0 0.0 0.0 0.0 0.0 0.0 0.0 0.0 0.0 0.0 0.0 0.0 0.0 
0.0 0.0 0.0 0.0 0.0 0.0 0.0 0.0 0.0 0.0 0.0 0.0 0.0 0.0 0.0 0.0 0.0 0.0 0.0 0.0 0.0 0.0 0.0 0.0 0.0 0.0 0.0 0.0 0.0 0.0 0.0 0.0 0.0 0.0 0.0 0.0 0.0 0.0 0.0 0.0 0.0 0.0 0.0 0.0 0.0 0.0 0.0 0.0 0.0 
0.0 0.0 0.0 0.0 0.0 0.0 0.0 0.0 0.0 0.0 0.0 0.0 0.0 0.0 0.0 0.0 0.0 0.0 0.0 0.0 0.0 0.0 0.0 0.0 0.0 0.0 0.0 0.0 0.0 0.0 0.0 0.0 0.0 0.0 0.0 0.0 0.0 0.0 0.0 0.0 0.0 0.0 0.0 0.0 0.0 0.0 0.0 0.0 0.0 
0.0 0.4444444444444444 0.6666666666666666 0.0 0.0 0.0 0.0 0.4 0.8235294117647058 0.5333333333333333 0.0 0.0 0.0 0.0 0.4444444444444444 0.0 0.0 0.0 0.0 0.0 0.5555555555555556 0.6 0.0 0.0 0.5 0.0 0.6666666666666666 0.0 0.7142857142857143 0.0 1.0 0.0 0.0 0.0 0.0 0.5714285714285714 0.0 0.0 0.0 0.34782608695652173 0.8235294117647058 0.0 0.6666666666666666 0.6153846153846154 0.7777777777777778 0.0 0.0 0.0 0.0 
0.0 0.7692307692307693 0.26666666666666666 0.0 0.0 0.0 0.0 0.6666666666666666 0.5 0.26666666666666666 0.0 0.0 0.0 0.0 0.7692307692307693 0.0 0.0 0.0 0.0 0.0 0.9333333333333333 0.42105263157894735 0.0 0.0 0.25 0.0 0.47058823529411764 0.0 0.2857142857142857 0.0 0.47058823529411764 0.0 0.0 0.0 0.0 0.7142857142857143 0.0 0.0 0.0 0.5555555555555556 0.4 0.0 0.26666666666666666 0.3076923076923077 0.5333333333333333 0.0 0.0 0.0 0.0 
0.0 0.0 0.0 0.0 0.0 0.0 0.0 0.0 0.0 0.0 0.0 0.0 0.0 0.0 0.0 0.0 0.0 0.0 0.0 0.0 0.0 0.0 0.0 0.0 0.0 0.0 0.0 0.0 0.0 0.0 0.0 0.0 0.0 0.0 0.0 0.0 0.0 0.0 0.0 0.0 0.0 0.0 0.0 0.0 0.0 0.0 0.0 0.0 0.0 
0.0 0.0 0.0 0.0 0.0 0.0 0.0 0.0 0.0 0.0 0.0 0.0 0.0 0.0 0.0 0.0 0.0 0.0 0.0 0.0 0.0 0.0 0.0 0.0 0.0 0.0 0.0 0.0 0.0 0.0 0.0 0.0 0.0 0.0 0.0 0.0 0.0 0.0 0.0 0.0 0.0 0.0 0.0 0.0 0.0 0.0 0.0 0.0 0.0 
0.0 0.26666666666666666 0.6666666666666666 0.0 0.0 0.0 0.0 0.23529411764705882 0.47058823529411764 0.47058823529411764 0.0 0.0 0.0 0.0 0.26666666666666666 0.0 0.0 0.0 0.0 0.0 0.47058823529411764 0.21052631578947367 0.0 0.0 0.4444444444444444 0.0 0.23529411764705882 0.0 0.6666666666666666 0.0 0.5714285714285714 0.0 0.0 0.0 0.0 0.25 0.0 0.0 0.0 0.2 0.6666666666666666 0.0 0.47058823529411764 0.5333333333333333 0.7 0.0 0.0 0.0 0.0 
