0.6666666666666666 0.0 0.0 0.050000000000000044 0.6785714285714286 0.0 0.6612903225806451 0.0 1.0 0.6724137931034483 0.0 0.0 0.0 0.0 0.7777777777777778 0.0 0.0 0.7777777777777778 0.0 0.0 0.6818181818181818 0.0 0.0 0.0 0.0 0.050000000000000044 0.0 0.7 0.6923076923076923 0.0 1.0 0.050000000000000044 0.0 0.0 0.050000000000000044 0.0 0.6666666666666666 0.6724137931034483 0.0 0.0 0.0 0.050000000000000044 0.0 0.6785714285714286 0.050000000000000044 0.0 0.0 0.6851851851851851 0.6923076923076923 
0.4562818336162988 0.5453667953667953 0.0 0.4539766702014847 0.0 0.0 0.0 0.661624649859944 0.050000000000000044 0.050000000000000044 0.0 0.0 0.0 0.0 0.0 0.43452380952380953 0.0 0.0 0.0 0.0 0.5453667953667953 0.0 0.0 0.43452380952380953 0.0 0.050000000000000044 0.0 0.0 0.0 0.0 0.050000000000000044 0.050000000000000044 0.0 0.0 0.050000000000000044 0.0 0.3713643574828134 0.0 0.4562818336162988 0.0 0.0 0.661624649859944 0.0 0.0 0.050000000000000044 0.0 0.0 0.0 0.0 
0.0 0.0 0.0 0.0 0.0 0.0 0.0 0.0 0.0 0.925 0.875 0.0 0.0 0.41947115384615385 0.0 0.0 0.0 0.0 0.6459410367472405 0.0 0.0 0.0 0.41947115384615385 0.0 0.0 0.7941176470588236 0.0 0.0 0.0 0.0 0.0 0.6891665112809995 0.43402528003288454 0.43402528003288454 0.9054054054054055 0.0 0.0 0.5934065934065934 0.0 0.0 0.0 0.9054054054054055 0.09999999999999998 0.0 0.09999999999999998 0.09999999999999998 0.7941176470588236 0.0 0.0 
0.45717234262125905 0.0 0.7481684981684982 0.0 0.2356036941464077 0.0 0.0 0.050000000000000044 0.0 0.09999999999999998 0.0 0.449945295404814 0.0 0.4230359047280483 0.0 0.0 0.0 0.0 0.0 0.0 0.42092791219755554 0.0 0.4230359047280483 0.0 0.48193277310924365 0.0 0.0 0.0 0.0 0.5400354943104708 0.7481684981684982 0.0 0.43253968253968256 0.48193277310924365 0.0 0.0 0.0 0.0 0.0 0.45717234262125905 0.0 0.42092791219755554 0.95 0.5400354943104708 0.863003663003663 0.863003663003663 0.0 0.0 0.0 
0.4562818336162988 0.5453667953667953 0.0 0.4539766702014847 0.2553178099433606 0.38820146392471244 0.38820146392471244 0.661624649859944 0.050000000000000044 0.4150321124804721 0.25480153649167736 0.6493688639551192 0.0 0.3996802557953637 0.2701459390862945 0.43452380952380953 0.0 0.0 0.28800427464600586 0.0 0.5453667953667953 0.0 0.3996802557953637 0.43452380952380953 0.4793028322440087 0.09999999999999998 0.0 0.2701459390862945 0.38820146392471244 0.2433442555805857 0.40649350649350646 0.3118663594470046 0.41280685502547476 0.6493688639551192 0.2695726374173363 0.0 0.3713643574828134 0.25939336257551926 0.4562818336162988 0.0 0.0 0.661624649859944 0.8875 0.38820146392471244 0.7771144278606965 0.7771144278606965 0.0 0.33814395323346735 0.2648221343873518 
0.0 0.0 0.0 0.0 0.34963416076648823 0.38006322861094644 0.38006322861094644 0.0 0.0 0.18089762093207318 0.0 0.26430451418839707 0.0 0.23686591377051225 0.0 0.0 0.0 0.0 0.0 0.0 0.0 0.0 0.23686591377051225 0.0 0.29663941306307706 0.0 0.0 0.0 0.38006322861094644 0.3311535717782659 0.0 0.0 0.24661506983364467 0.29663941306307706 0.0 0.0 0.0 0.18089762093207318 0.0 0.0 0.0 0.2553178099433606 0.3226309026662384 0.38006322861094644 0.2774955860382997 0.2774955860382997 0.2553178099433606 0.18848195329087047 0.19271248151097964 
0.050000000000000044 0.43452380952380953 0.0 0.050000000000000044 0.0 0.2330235553919764 0.5004670789846669 0.31433262960356556 0.09999999999999998 0.31433262960356556 0.1899543378995434 0.5434017842114123 0.0 0.5111996251171509 0.0 0.0 0.0 0.0 0.21560532984549996 0.0 0.43452380952380953 0.0 0.5111996251171509 0.0 0.5822689075630252 0.050000000000000044 0.0 0.0 0.5004670789846669 0.0 0.09999999999999998 0.23409186683522965 0.5225563909774437 0.5822689075630252 0.20135524420583994 0.0 0.0 0.19349667964277528 0.0 0.0 0.09999999999999998 0.31433262960356556 0.29704684317718943 0.2330235553919764 0.24995743594109143 0.24995743594109143 0.0 0.0 0.0 
0.0 0.0 0.0 0.0 0.18848195329087047 0.5278822055137845 0.23326261197548326 0.0 0.0 0.09999999999999998 0.0 0.2695726374173363 0.0 0.24186449719925318 0.7142857142857143 0.0 0.0 0.46524300441826216 0.0 0.0 0.0 0.0 0.24186449719925318 0.0 0.30217485718103765 0.0 0.0 0.37969924812030076 0.23326261197548326 0.17808761435608722 0.0 0.0 0.25171311100959337 0.30217485718103765 0.0 0.7142857142857143 0.0 0.0 0.0 0.0 0.0 0.0 0.4083237060998153 0.5278822055137845 0.36503504161191414 0.36503504161191414 0.0 0.0 0.0 
0.0 0.0 0.050000000000000044 0.0 0.34963416076648823 0.38006322861094644 0.38006322861094644 0.0 0.0 0.18089762093207318 0.0 0.2813649590951518 0.09999999999999998 0.253071253071253 0.050000000000000044 0.0 0.24995743594109143 0.050000000000000044 0.0 0.0 0.0 0.0 0.253071253071253 0.0 0.3145581938497469 0.0 0.0 0.050000000000000044 0.38006322861094644 0.3311535717782659 0.050000000000000044 0.0 0.26313477420488485 0.3145581938497469 0.0 0.24995743594109143 0.0 0.18089762093207318 0.0 0.0 0.0 0.2553178099433606 0.3226309026662384 0.38006322861094644 0.2774955860382997 0.2774955860382997 0.2553178099433606 0.18848195329087047 0.19271248151097964 
0.0 0.43452380952380953 0.0 0.0 0.0 0.19146275149537795 0.41525201424020985 0.31433262960356556 0.0 0.31433262960356556 0.1899543378995434 0.5434017842114123 0.0 0.5111996251171509 0.0 0.0 0.0 0.0 0.21560532984549996 0.0 0.43452380952380953 0.0 0.5111996251171509 0.0 0.5822689075630252 0.0 0.0 0.0 0.41525201424020985 0.0 0.09999999999999998 0.23409186683522965 0.5225563909774437 0.5822689075630252 0.20135524420583994 0.0 0.0 0.19349667964277528 0.0 0.0 0.09999999999999998 0.31433262960356556 0.906896551724138 0.19146275149537795 0.8021721641190668 0.8021721641190668 0.0 0.0 0.0 
0.18132612691193417 0.0 0.0 0.0 0.0 0.0 0.0 0.0 0.0 0.09999999999999998 0.18132612691193417 0.2063753649119503 0.0 0.0 0.20135524420583994 0.0 0.0 0.0 0.0 0.0 0.0 0.0 0.0 0.0 0.30217485718103765 0.0 0.0 0.20135524420583994 0.1967307926458055 0.0 0.42106918238993707 0.0 0.19245325864809626 0.30217485718103765 0.19245325864809626 0.0 0.18132612691193417 0.0 0.0 0.0 0.0 0.19245325864809626 0.8875 0.0 0.7771144278606965 0.7771144278606965 0.0 0.0 0.1967307926458055 
0.050000000000000044 0.45717234262125905 0.0 0.050000000000000044 0.0 0.0 0.0 0.0 0.050000000000000044 0.050000000000000044 0.0 0.0 0.0 0.0 0.0 0.0 0.0 0.0 0.0 0.0 0.45717234262125905 0.0 0.0 0.0 0.0 0.050000000000000044 0.0 0.0 0.0 0.0 0.050000000000000044 0.050000000000000044 0.0 0.0 0.050000000000000044 0.0 0.0 0.0 0.0 0.0 0.0 0.050000000000000044 0.0 0.0 0.050000000000000044 0.0 0.0 0.0 0.0 
0.0 0.0 0.3446569814366425 0.0 0.1712730806608358 0.0 0.0 0.0 0.0 0.0 0.0 0.0 0.09999999999999998 0.0 0.050000000000000044 0.0 0.0 0.050000000000000044 0.0 0.0 0.0 0.0 0.0 0.0 0.27787733256875247 0.0 0.0 0.050000000000000044 0.050000000000000044 0.1614147701484796 0.3446569814366425 0.0 0.0 0.27787733256875247 0.0 0.050000000000000044 0.0 0.0 0.0 0.0 0.0 0.0 0.7702702702702703 0.1712730806608358 0.6433107230480588 0.6433107230480588 0.0 0.0 0.0 
0.39375582479030746 0.0 0.0 0.22733554005848888 0.40601503759398494 0.29987212276214825 0.38820146392471244 0.0 0.7941176470588236 0.3996802557953637 0.18132612691193417 0.3444213444213444 0.0 0.3104448742746615 0.5082191780821917 0.0 0.09999999999999998 0.5082191780821917 0.0 0.0 0.4692982456140351 0.0 0.3104448742746615 0.0 0.4067248499961038 0.0 0.0 0.4279891304347826 0.42011019283746553 0.18663489711379788 1.0 0.0 0.32253599114064224 0.4067248499961038 0.19245325864809626 0.09999999999999998 0.39375582479030746 0.3996802557953637 0.0 0.0 1.0 0.19245325864809626 0.9608695652173913 0.40601503759398494 0.8799687010954617 0.8799687010954617 0.0 0.41280685502547476 0.42011019283746553 
0.6666666666666666 0.3637459807073955 0.8333333333333333 0.050000000000000044 0.6785714285714286 0.2504967641965181 0.6612903225806451 0.0 1.0 0.6724137931034483 0.0 0.5680510591064657 0.0 0.5302229659156311 0.7777777777777778 0.0 0.0 0.7777777777777778 0.0 0.0 0.6818181818181818 0.0 0.5302229659156311 0.0 0.6132585664258168 0.050000000000000044 0.0 0.7 0.6923076923076923 0.5060499609679938 1.0 0.050000000000000044 0.5436085806641199 0.6132585664258168 0.050000000000000044 0.0 0.6666666666666666 0.6724137931034483 0.0 0.09999999999999998 0.09999999999999998 0.050000000000000044 0.30301909131271276 0.6785714285714286 0.2555432372505544 0.2555432372505544 0.0 0.6851851851851851 0.6923076923076923 
0.391883911246098 0.0 0.0 0.34837595409215005 0.0 0.0 0.0 0.0 0.0 0.0 0.0 0.0 0.0 0.0 0.0 0.36779350992480175 0.050000000000000044 0.0 0.0 0.0 0.0 0.0 0.0 0.36779350992480175 0.0 0.0 0.0 0.0 0.0 0.0 0.0 0.0 0.0 0.0 0.0 0.050000000000000044 0.2969762096653832 0.0 0.391883911246098 0.0 0.0 0.0 0.0 0.0 0.0 0.0 0.0 0.0 0.0 
0.050000000000000044 0.0 0.3446569814366425 0.050000000000000044 0.320633081695194 0.0 0.0 0.0 0.09999999999999998 0.09999999999999998 0.0 0.0 0.09999999999999998 0.0 0.050000000000000044 0.0 0.0 0.050000000000000044 0.0 0.0 0.050000000000000044 0.0 0.0 0.0 0.3081299056671707 0.050000000000000044 0.0 0.050000000000000044 0.050000000000000044 0.1614147701484796 0.3446569814366425 0.050000000000000044 0.0 0.3081299056671707 0.050000000000000044 0.050000000000000044 0.0 0.0 0.0 0.0 0.0 0.050000000000000044 0.8935483870967742 0.320633081695194 0.7848143982002249 0.7848143982002249 0.0 0.0 0.0 
0.050000000000000044 0.3556495468277946 0.0 0.0 0.0 0.0 0.0 0.3342601173926476 0.0 0.8461538461538461 0.6972548409674157 0.0 0.0 0.0 0.0 0.050000000000000044 0.0 0.0 0.7673951268525496 0.050000000000000044 0.3556495468277946 0.0 0.0 0.0 0.050000000000000044 0.0 0.0 0.0 0.0 0.0 0.0 0.6558658370010624 0.0 0.0 0.5785444064132589 0.050000000000000044 0.0 0.5597677861762643 0.0 0.0 0.0 0.6972548409674157 0.0 0.0 0.0 0.0 0.0 0.0 0.0 
0.0 0.0 0.0 0.0 0.0 0.0 0.0 0.0 0.0 0.09999999999999998 0.0 0.0 0.0 0.0 0.0 0.0 0.0 0.0 0.0 0.0 0.0 0.0 0.0 0.0 0.3464980114891737 0.0 0.0 0.0 0.0 0.0 0.3637459807073955 0.0 0.0 0.3464980114891737 0.0 0.0 0.0 0.0 0.0 0.0 0.0 0.0 0.9307692307692308 0.0 0.8347826086956521 0.8347826086956521 0.0 0.0 0.0 
0.0 0.0 0.0 0.0 0.19728716140472458 0.24427739401327364 0.24427739401327364 0.0 0.0 0.0 0.0 0.36085213858233134 0.0 0.3348894348894349 0.0 0.0 0.24995743594109143 0.0 0.0 0.0 0.0 0.0 0.3348894348894349 0.0 0.3917010509926041 0.0 0.0 0.0 0.24427739401327364 0.18663489711379788 0.09999999999999998 0.0 0.34408715515726573 0.3917010509926041 0.0 0.24995743594109143 0.0 0.0 0.0 0.0 0.09999999999999998 0.0 0.29704684317718943 0.24427739401327364 0.24995743594109143 0.24995743594109143 0.0 0.0 0.0 
0.39375582479030746 0.0 0.0 0.0 0.40601503759398494 0.0 0.38820146392471244 0.0 0.7941176470588236 0.3996802557953637 0.0 0.0 0.0 0.0 0.5082191780821917 0.0 0.0 0.5082191780821917 0.0 0.0 0.4692982456140351 0.0 0.0 0.0 0.0 0.0 0.0 0.4279891304347826 0.42011019283746553 0.0 0.7941176470588236 0.0 0.0 0.0 0.0 0.0 0.39375582479030746 0.3996802557953637 0.0 0.0 0.0 0.0 0.050000000000000044 0.40601503759398494 0.352751263335205 0.352751263335205 0.0 0.41280685502547476 0.42011019283746553 
0.0 0.0 0.0 0.0 0.0 0.0 0.0 0.0 0.0 0.0 0.0 0.09999999999999998 0.0 0.09999999999999998 0.0 0.0 0.0 0.0 0.0 0.0 0.0 0.0 0.09999999999999998 0.0 0.09999999999999998 0.0 0.0 0.0 0.0 0.0 1.0 0.0 0.09999999999999998 0.09999999999999998 0.0 0.0 0.0 0.0 0.0 0.0 1.0 0.0 0.0 0.0 0.0 0.0 0.0 0.0 0.0 
0.0 0.0 0.7481684981684982 0.0 0.0 0.0 0.0 0.0 0.0 0.0 0.0 0.449945295404814 0.0 0.4230359047280483 0.0 0.0 0.0 0.0 0.0 0.0 0.0 0.0 0.4230359047280483 0.0 0.48193277310924365 0.0 0.0 0.0 0.0 0.5400354943104708 0.7481684981684982 0.0 0.43253968253968256 0.48193277310924365 0.0 0.0 0.0 0.0 0.0 0.0 0.0 0.0 0.0 0.5400354943104708 0.0 0.0 0.0 0.0 0.0 
0.0 0.0 0.0 0.0 0.0 0.0 0.0 0.0 0.0 1.0 0.9590909090909091 0.0 0.0 0.0 0.0 0.0 0.0 0.0 1.0 0.0 0.7132840549102428 0.0 0.0 0.0 0.0 0.0 0.0 0.0 0.0 0.0 0.0 0.6282768777614138 0.0 0.0 0.5509437303916608 0.0 0.0 0.5322485012187891 0.0 0.0 0.0 0.9590909090909091 0.0 0.0 0.0 0.0 0.0 0.0 0.0 
0.0 0.0 0.0 0.0 0.0 0.0 0.0 0.0 0.0 0.09999999999999998 0.0 0.0 0.0 0.0 0.0 0.0 0.0 0.0 0.0 0.0 0.0 0.0 0.0 0.0 0.3803969095591577 0.0 0.0 0.0 0.0 0.0 0.0 0.0 0.0 0.3803969095591577 0.0 0.0 0.0 0.0 0.0 0.0 0.0 0.0 0.9608695652173913 0.0 0.8799687010954617 0.8799687010954617 0.0 0.0 0.0 
0.0 0.0 0.0 0.0 0.0 0.0 0.0 0.0 0.0 0.22909552151429413 0.1854705558613099 0.0 0.0 0.0 0.0 0.0 0.0 0.0 0.2108118361153264 0.0 0.0 0.0 0.0 0.0 0.3081299056671707 0.2648221343873518 0.0 0.0 0.0 0.0 0.0 0.22909552151429413 0.0 0.3081299056671707 0.1967307926458055 0.0 0.0 0.0 0.0 0.0 0.0 0.2648221343873518 0.8935483870967742 0.0 0.7848143982002249 0.7848143982002249 0.0 0.0 0.0 
0.0 0.0 0.0 0.0 0.0 0.0 0.0 0.0 0.0 0.050000000000000044 0.0 0.0 0.0 0.0 0.0 0.0 0.0 0.0 0.0 0.0 0.0 0.0 0.0 0.0 0.0 0.7941176470588236 0.0 0.0 0.0 0.0 0.0 0.0 0.0 0.0 0.0 0.0 0.0 0.0 0.0 0.0 0.0 0.7941176470588236 0.050000000000000044 0.0 0.050000000000000044 0.050000000000000044 0.7941176470588236 0.0 0.0 
0.0 0.0 0.0 0.0 0.0 0.0 0.0 0.0 0.0 0.09999999999999998 0.0 0.0 0.0 0.0 0.0 0.0 0.0 0.0 0.0 0.342741935483871 0.0 0.0 0.0 0.0 0.6764705882352942 0.0 0.0 0.0 0.0 0.0 0.0 0.0 0.0 0.36779350992480175 0.0 0.0 0.0 0.0 0.0 0.0 0.0 0.0 0.95 0.0 0.863003663003663 0.863003663003663 0.0 0.0 0.0 
0.2448575786306113 0.050000000000000044 0.0 0.2448575786306113 0.2136164171399071 0.2330235553919764 0.5004670789846669 0.0 0.09999999999999998 0.050000000000000044 0.0 0.0 0.0 0.0 0.0 0.0 0.0 0.0 0.0 0.0 0.050000000000000044 0.0 0.0 0.0 0.0 0.050000000000000044 0.0 0.0 0.5004670789846669 0.0 0.09999999999999998 0.050000000000000044 0.0 0.0 0.050000000000000044 0.0 0.0 0.0 0.0 0.050000000000000044 0.0 0.050000000000000044 0.0 0.2330235553919764 0.050000000000000044 0.0 0.0 0.21185015290519882 0.0 
0.2448575786306113 0.050000000000000044 0.0 0.2448575786306113 0.2136164171399071 0.20252291631301989 0.4378853946441156 0.0 0.0 0.0 0.0 0.0 0.0 0.0 0.0 0.0 0.0 0.0 0.0 0.0 0.050000000000000044 0.0 0.0 0.0 0.0 0.0 0.0 0.0 0.4378853946441156 0.0 0.0 0.0 0.0 0.0 0.0 0.0 0.0 0.0 0.0 0.0 0.0 0.0 0.0 0.2136164171399071 0.0 0.0 0.0 0.0 0.0 
0.0 0.0 0.0 0.0 0.0 0.0 0.0 0.0 0.0 0.09999999999999998 0.0 0.0 0.0 0.0 0.0 0.0 0.0 0.0 0.0 0.0 0.0 0.0 0.0 0.0 0.0 0.627906976744186 0.0 0.0 0.0 0.0 0.0 0.0 0.0 0.0 0.0 0.0 0.0 0.0 0.0 0.0 0.0 0.627906976744186 0.09999999999999998 0.0 0.09999999999999998 0.09999999999999998 0.627906976744186 0.0 0.0 
0.28907701837703903 0.0 0.0 0.28907701837703903 0.2553178099433606 0.38820146392471244 0.38820146392471244 0.0 0.0 0.691529936226859 0.6530284921155107 0.4365196803788103 0.0 0.3996802557953637 0.0 0.0 0.0 0.0 0.691529936226859 0.0 0.9046621267679413 0.0 0.3996802557953637 0.0 0.4793028322440087 0.0 0.0 0.0 0.38820146392471244 0.2433442555805857 0.0 0.0 0.41280685502547476 0.4793028322440087 0.0 0.0 0.0 0.0 0.0 0.0 0.0 0.9046621267679413 0.0 0.38820146392471244 0.0 0.0 0.0 0.0 0.0 
0.0 0.0 0.0 0.0 0.0 0.0 0.0 0.0 0.0 0.09999999999999998 0.0 0.0 0.0 0.0 0.0 0.0 0.0 0.0 0.0 0.0 0.0 0.0 0.0 0.0 0.43019498607242346 0.0 0.0 0.0 0.0 0.0 0.3637459807073955 0.0 0.0 0.43019498607242346 0.0 0.0 0.0 0.0 0.0 0.0 0.0 0.0 1.0 0.0 0.95 0.95 0.0 0.0 0.0 
0.0 0.0 0.0 0.0 0.19271248151097964 0.5388529139685476 0.23855338075485388 0.0 0.0 0.09999999999999998 0.0 0.38694792522596555 0.0 0.36628983068671783 0.8157894736842105 0.0 0.0 0.5722957508209772 0.0 0.0 0.0 0.0 0.36628983068671783 0.0 0.4115203761755486 0.0 0.0 0.4823067811667161 0.23855338075485388 0.18219261909244966 0.09999999999999998 0.0 0.3735977337110481 0.4115203761755486 0.0 0.8157894736842105 0.0 0.0 0.0 0.0 0.09999999999999998 0.0 0.412509377344336 0.5388529139685476 0.36909090909090914 0.36909090909090914 0.0 0.0 0.0 
0.0 0.0 0.0 0.0 0.0 0.0 0.0 0.0 0.0 0.0 0.0 0.0 0.0 0.0 0.0 0.0 1.0 0.0 0.0 0.0 0.8333333333333333 0.0 0.0 0.0 0.0 0.0 0.0 0.0 0.0 0.0 0.0 0.0 0.0 0.0 0.0 1.0 0.0 0.0 0.0 0.0 0.0 0.0 0.0 0.0 0.0 0.0 0.0 0.0 0.0 
0.0 0.0 0.0 0.0 0.0 0.0 0.0 0.0 0.0 0.0 0.0 0.09999999999999998 0.0 0.09999999999999998 0.0 0.0 0.0 0.0 0.0 0.0 0.0 0.0 0.09999999999999998 0.0 0.09999999999999998 0.0 0.0 0.0 0.0 0.0 0.8636363636363636 0.0 0.09999999999999998 0.09999999999999998 0.0 0.0 0.0 0.0 0.0 0.0 0.8636363636363636 0.0 0.6730769230769231 0.0 0.5792237442922374 0.5792237442922374 0.0 0.0 0.0 
0.050000000000000044 0.0 0.0 0.050000000000000044 0.0 0.0 0.0 0.0 0.050000000000000044 1.0 0.5671726956660208 0.0 0.0 0.0 0.0 0.0 0.0 0.0 0.6282768777614138 0.0 0.050000000000000044 0.0 0.0 0.0 0.0 0.7752747252747253 0.0 0.0 0.0 0.0 0.050000000000000044 1.0 0.0 0.0 0.9526315789473684 0.0 0.0 0.5756825938566553 0.0 0.0 0.0 0.9526315789473684 0.0 0.0 0.050000000000000044 0.0 0.0 0.0 0.0 
0.050000000000000044 0.0 0.0 0.0 0.4686568350757244 0.24427739401327364 0.24427739401327364 0.0 0.0 0.4878957169459963 0.29801604052342756 0.36085213858233134 0.0 0.3348894348894349 0.0 0.050000000000000044 0.2448051948051948 0.0 0.33708226221079696 0.050000000000000044 0.050000000000000044 0.0 0.3348894348894349 0.0 0.3917010509926041 0.0 0.0 0.0 0.24427739401327364 0.4453857098467626 0.8384615384615385 0.36519648482838674 0.34408715515726573 0.3917010509926041 0.31539411401522943 0.2448051948051948 0.0 0.30341880341880345 0.0 0.0 0.8384615384615385 0.31539411401522943 0.29704684317718943 0.4686568350757244 0.24995743594109143 0.24995743594109143 0.0 0.0 0.0 
0.0 0.0 0.0 0.0 0.19271248151097964 0.5388529139685476 0.23855338075485388 0.0 0.0 0.09999999999999998 0.0 0.27524197656647986 0.0 0.24724901750625228 0.7222222222222222 0.0 0.0 0.4734543469359902 0.0 0.0 0.0 0.0 0.24724901750625228 0.0 0.3081299056671707 0.0 0.0 0.3874657237696637 0.23855338075485388 0.18219261909244966 0.0 0.0 0.2572023602915654 0.3081299056671707 0.0 0.7222222222222222 0.0 0.0 0.0 0.0 0.0 0.0 0.412509377344336 0.5388529139685476 0.36909090909090914 0.36909090909090914 0.0 0.0 0.0 
0.050000000000000044 0.3415693321353699 0.0 0.0 0.4686568350757244 0.2504967641965181 0.2504967641965181 0.050000000000000044 0.0 0.4878957169459963 0.29801604052342756 0.5680510591064657 0.0 0.5302229659156311 0.0 0.050000000000000044 0.2448051948051948 0.0 0.33708226221079696 0.050000000000000044 0.3415693321353699 0.0 0.5302229659156311 0.0 0.6132585664258168 0.0 0.0 0.0 0.2504967641965181 0.4453857098467626 0.09999999999999998 0.36519648482838674 0.5436085806641199 0.6132585664258168 0.31539411401522943 0.2448051948051948 0.0 0.30341880341880345 0.0 0.0 0.09999999999999998 0.31539411401522943 0.30301909131271276 0.4686568350757244 0.2555432372505544 0.2555432372505544 0.0 0.2063753649119503 0.0 
0.0 0.0 0.44210419210419205 0.0 0.0 0.0 0.0 0.0 0.0 0.0 0.0 0.22080523076016856 0.0 0.1984146567145766 0.0 0.0 0.0 0.0 0.0 0.0 0.0 0.0 0.1984146567145766 0.0 0.2470839081901417 0.4365196803788103 0.0 0.0 0.0 0.2504967641965181 0.44210419210419205 0.0 0.2063753649119503 0.2470839081901417 0.0 0.0 0.0 0.0 0.0 0.0 0.0 0.4365196803788103 0.0 0.2504967641965181 0.0 0.0 0.4365196803788103 0.0 0.0 
0.0 0.0 0.0 0.0 0.0 0.0 0.0 0.0 0.0 0.7707397622192866 0.7358955266624664 0.0 0.0 0.0 0.0 0.0 0.0 0.0 0.7707397622192866 0.0 0.8596221662468513 0.0 0.0 0.0 0.0 0.0 0.0 0.0 0.0 0.0 0.0 0.0 0.0 0.0 0.0 0.0 0.0 0.0 0.0 0.0 0.0 0.8596221662468513 0.0 0.0 0.0 0.0 0.0 0.0 0.0 
0.09999999999999998 0.3637459807073955 1.0 0.0 0.0 0.0 0.0 0.0 0.0 0.0 0.0 0.44210419210419205 0.050000000000000044 0.4094827586206896 0.050000000000000044 0.0 0.0 0.050000000000000044 0.0 0.0 0.3637459807073955 0.0 0.4094827586206896 0.0 0.480251071647275 0.0 0.0 0.050000000000000044 0.3244779582366589 0.7352941176470589 1.0 0.0 0.42106918238993707 0.480251071647275 0.0 0.050000000000000044 0.0 0.0 0.0 0.09999999999999998 0.0 0.0 0.0 0.7352941176470589 0.0 0.0 0.0 0.3244779582366589 0.0 
0.22733554005848888 0.0 0.0 0.22733554005848888 0.19728716140472458 0.29987212276214825 0.29987212276214825 0.0 0.0 0.050000000000000044 0.0 0.3444213444213444 0.0 0.3104448742746615 0.0 0.0 0.0 0.0 0.0 0.0 0.0 0.0 0.3104448742746615 0.0 0.3842364532019704 0.0 0.0 0.0 0.29987212276214825 0.18663489711379788 0.0 0.0 0.32253599114064224 0.3842364532019704 0.0 0.0 0.0 0.0 0.0 0.0 0.0 0.0 0.050000000000000044 0.29987212276214825 0.2911339065293267 0.2911339065293267 0.0 0.0 0.0 
0.0 0.0 0.0 0.0 0.0 0.0 0.0 0.0 0.0 0.0 0.0 0.0 0.0 0.0 0.0 0.0 0.0 0.0 0.0 0.0 0.0 0.0 0.0 0.0 0.0 0.0 0.0 0.0 0.0 0.0 0.0 0.0 0.0 0.0 0.0 0.0 0.0 0.0 0.0 0.0 0.0 0.0 0.0 0.0 0.0 0.0 0.0 0.0 0.0 
0.0 0.0 0.0 0.0 0.0 0.0 0.0 0.0 0.0 0.0 0.0 0.0 0.0 0.0 0.0 0.0 0.7638333333333334 0.0 0.0 0.0 0.0 0.0 0.0 0.0 0.0 0.0 0.0 0.0 0.0 0.0 0.0 0.0 0.0 0.0 0.0 0.7638333333333334 0.0 0.0 0.0 0.0 0.0 0.0 0.0 0.0 0.0 0.0 0.0 0.0 0.0 
0.050000000000000044 0.3556495468277946 0.0 0.050000000000000044 0.0 0.0 0.0 0.3342601173926476 0.050000000000000044 1.0 0.9590909090909091 0.0 0.0 0.0 0.0 0.050000000000000044 0.0 0.0 1.0 0.050000000000000044 0.7132840549102428 0.0 0.0 0.0 0.050000000000000044 0.7752747252747253 0.0 0.0 0.0 0.0 0.050000000000000044 1.0 0.0 0.0 0.9526315789473684 0.050000000000000044 0.0 0.7727272727272727 0.0 0.0 0.0 0.9590909090909091 0.09999999999999998 0.0 0.09999999999999998 0.09999999999999998 0.0 0.0 0.0 
0.32873219079083205 0.0 0.0 0.32873219079083205 0.2553178099433606 0.38820146392471244 0.38820146392471244 0.0 0.050000000000000044 0.09999999999999998 0.0 0.6493688639551192 0.0 0.3996802557953637 0.2701459390862945 0.0 0.7638333333333334 0.0 0.0 0.0 0.050000000000000044 0.0 0.3996802557953637 0.0 0.4793028322440087 0.09999999999999998 0.0 0.2701459390862945 0.38820146392471244 0.2433442555805857 0.40649350649350646 0.09999999999999998 0.41280685502547476 0.6493688639551192 0.09999999999999998 0.7638333333333334 0.24707298391508914 0.0 0.0 0.0 0.0 0.09999999999999998 0.0 0.38820146392471244 0.050000000000000044 0.0 0.0 0.33814395323346735 0.2648221343873518 
0.45717234262125905 0.0 0.0 0.0 0.0 0.0 0.0 0.0 0.0 0.0 0.0 0.0 0.0 0.0 0.0 0.0 0.0 0.0 0.0 0.0 0.42092791219755554 0.0 0.0 0.0 0.0 0.0 0.0 0.0 0.0 0.0 0.0 0.0 0.0 0.0 0.0 0.0 0.0 0.0 0.0 0.45717234262125905 0.0 0.42092791219755554 0.0 0.0 0.0 0.0 0.0 0.0 0.0 
0.0 0.0 0.0 0.0 0.0 0.0 0.0 0.050000000000000044 0.0 0.0 0.0 0.0 0.0 0.0 0.0 0.0 0.0 0.0 0.0 0.0 0.0 0.0 0.0 0.0 0.0 0.0 0.0 0.0 0.0 0.0 0.0 0.0 0.0 0.0 0.0 0.0 0.0 0.0 0.0 0.0 0.0 0.050000000000000044 0.0 0.0 0.0 0.0 0.0 0.0 0.0 
0.050000000000000044 0.0 0.0 0.0 0.0 0.1967347897580456 0.426040061633282 0.0 0.0 0.0 0.0 0.0 0.0 0.0 0.0 0.0 0.0 0.0 0.0 0.0 0.0 0.0 0.0 0.0 0.0 0.0 0.0 0.0 0.426040061633282 0.0 0.0 0.0 0.0 0.0 0.0 0.0 0.0 0.0 0.0 0.050000000000000044 0.0 0.0 0.0 0.1967347897580456 0.0 0.0 0.0 0.21185015290519882 0.0 
0.0 0.0 0.050000000000000044 0.0 0.19728716140472458 0.24427739401327364 0.24427739401327364 0.0 0.0 0.0 0.0 0.36085213858233134 0.09999999999999998 0.3348894348894349 0.050000000000000044 0.0 0.24995743594109143 0.050000000000000044 0.0 0.0 0.0 0.0 0.3348894348894349 0.0 0.3917010509926041 0.0 0.0 0.050000000000000044 0.24427739401327364 0.18663489711379788 0.8384615384615385 0.0 0.34408715515726573 0.3917010509926041 0.0 0.24995743594109143 0.0 0.0 0.0 0.0 0.8384615384615385 0.0 0.29704684317718943 0.24427739401327364 0.24995743594109143 0.24995743594109143 0.0 0.0 0.0 
0.2195880452342488 0.0 0.0 0.0 0.22745351956340765 0.0 0.21602787456445993 0.0 0.48193277310924365 0.22338772338772328 0.0 0.09999999999999998 0.0 0.09999999999999998 0.2936632333184057 0.0 0.0 0.2936632333184057 0.0 0.0 0.43452380952380953 0.0 0.09999999999999998 0.0 0.09999999999999998 0.0 0.0 0.24158473105841527 0.2365125240847784 0.0 0.8714285714285714 0.0 0.09999999999999998 0.09999999999999998 0.0 0.0 0.2195880452342488 0.22338772338772328 0.0 0.0 0.8714285714285714 0.0 0.0 0.22745351956340765 0.0 0.0 0.0 0.2318163751987281 0.2365125240847784 
0.48279270374696737 0.0 0.44210419210419205 0.050000000000000044 0.49355413478670995 0.19146275149537795 0.41525201424020985 0.0 0.6818181818181818 0.925 0.875 0.22080523076016856 0.0 0.41947115384615385 0.5130010834236186 0.43452380952380953 0.0 0.4562818336162988 0.6459410367472405 0.0 1.0 0.0 0.41947115384615385 0.0 0.32152358430809513 0.4365196803788103 0.0 0.5130010834236186 0.41525201424020985 0.2504967641965181 0.9571428571428571 0.6891665112809995 0.43402528003288454 0.43402528003288454 0.9054054054054055 0.0 0.48279270374696737 0.5934065934065934 0.0 0.3087378640776699 0.9571428571428571 0.9054054054054055 0.906896551724138 0.49355413478670995 0.8021721641190668 0.8021721641190668 0.4365196803788103 0.3851802403204272 0.3905228758169934 
0.20252291631301989 0.0 0.0 0.20252291631301989 0.17427967149174606 0.2650727650727651 0.2650727650727651 0.0 0.0 0.0 0.0 0.3073921028466483 0.0 0.27508143322475576 0.0 0.0 0.09999999999999998 0.0 0.0 0.0 0.0 0.0 0.27508143322475576 0.0 0.4067248499961038 0.0 0.0 0.0 0.2650727650727651 0.16432526426577587 0.0 0.0 0.2865510083036773 0.4067248499961038 0.0 0.09999999999999998 0.0 0.0 0.0 0.0 0.0 0.0 0.26937077483099325 0.2650727650727651 0.22400110987791344 0.22400110987791344 0.0 0.0 0.0 
0.3087378640776699 0.0 0.3446569814366425 0.0 0.1712730806608358 0.43752971379671013 0.0 0.0 0.0 0.09999999999999998 0.0 0.38694792522596555 0.09999999999999998 0.36628983068671783 0.8157894736842105 0.0 1.0 0.5722957508209772 0.0 0.0 0.8333333333333333 0.0 0.36628983068671783 0.0 0.4115203761755486 0.0 0.0 0.4823067811667161 0.050000000000000044 0.1614147701484796 0.3446569814366425 0.0 0.3735977337110481 0.4115203761755486 0.0 1.0 0.0 0.0 0.0 0.3087378640776699 0.09999999999999998 0.277127308707124 0.8935483870967742 0.43752971379671013 0.7848143982002249 0.7848143982002249 0.0 0.0 0.0 
0.050000000000000044 0.0 0.0 0.050000000000000044 0.320633081695194 0.0 0.0 0.0 0.09999999999999998 0.050000000000000044 0.0 0.0 0.0 0.0 0.0 0.0 0.0 0.0 0.0 0.0 0.050000000000000044 0.0 0.0 0.0 0.27387431964374076 0.050000000000000044 0.0 0.0 0.0 0.15867537885759864 0.09999999999999998 0.050000000000000044 0.0 0.27387431964374076 0.050000000000000044 0.0 0.0 0.0 0.0 0.0 0.0 0.050000000000000044 0.763157894736842 0.320633081695194 0.6358225108225108 0.6358225108225108 0.0 0.0 0.0 
0.0 0.0 0.0 0.0 0.0 0.0 0.0 0.0 0.0 0.0 0.0 0.09999999999999998 0.0 0.09999999999999998 0.0 0.0 0.0 0.0 0.0 0.0 0.0 0.0 0.09999999999999998 0.0 0.09999999999999998 0.0 0.0 0.0 0.0 0.0 0.9571428571428571 0.0 0.09999999999999998 0.09999999999999998 0.0 0.0 0.0 0.0 0.0 0.0 0.9571428571428571 0.0 0.0 0.0 0.0 0.0 0.0 0.0 0.0 
0.0 0.0 1.0 0.0 0.0 0.0 0.0 0.0 0.0 0.0 0.0 0.44210419210419205 0.050000000000000044 0.4094827586206896 0.050000000000000044 0.0 0.0 0.050000000000000044 0.0 0.0 0.0 0.0 0.4094827586206896 0.0 0.480251071647275 0.0 0.0 0.050000000000000044 0.3244779582366589 0.7352941176470589 1.0 0.0 0.42106918238993707 0.480251071647275 0.0 0.050000000000000044 0.0 0.0 0.0 0.0 0.0 0.0 0.0 0.7352941176470589 0.0 0.0 0.0 0.3244779582366589 0.0 
