0.5555555555555556 0.0 0.0 0.0 0.625 0.0 0.0 0.0 0.6363636363636364 0.0 0.0 0.0 0.0 0.0 0.0 0.0 0.0 0.0 0.0 0.0 0.46153846153846156 0.42857142857142855 0.8 0.46153846153846156 0.0 0.0 0.0 0.0 0.0 0.0 0.0 0.0 0.0 0.0 0.0 0.0 0.0 0.0 0.0 0.0 0.0 0.0 0.0 0.0 0.0 0.0 0.36363636363636365 0.0 0.7 0.0 0.4444444444444444 0.0 0.0 0.0 0.0 0.6 0.0 0.0 0.0 0.7777777777777778 0.0 0.0 0.0 0.7368421052631579 0.0 0.4 0.7368421052631579 0.0 0.0 0.0 0.0 0.0 0.0 0.0 0.0 0.0 0.8 0.0 0.6666666666666666 0.0 0.0 0.0 0.0 0.0 0.0 0.0 0.0 1.0 0.0 0.0 0.8235294117647058 0.0 0.0 0.0 0.0 0.0 0.4 0.0 0.0 0.0 0.0 0.0 0.0 
0.9333333333333333 0.0 0.0 0.0 0.5333333333333333 0.0 0.0 0.0 0.8421052631578947 0.0 0.0 0.0 0.0 0.0 0.0 0.0 0.0 0.0 0.0 0.0 0.6666666666666666 0.625 0.8421052631578947 0.6666666666666666 0.0 0.0 0.0 0.0 0.0 0.0 0.0 0.0 0.0 0.0 0.0 0.0 0.0 0.0 0.0 0.0 0.0 0.0 0.0 0.0 0.0 0.0 0.38095238095238093 0.0 0.875 0.0 0.42105263157894735 0.0 0.0 0.0 0.0 0.5 0.0 0.0 0.0 0.47058823529411764 0.0 0.0 0.0 0.7058823529411765 0.0 0.42105263157894735 0.9333333333333333 0.0 0.0 0.0 0.0 0.0 0.0 0.0 0.0 0.0 0.5454545454545454 0.0 0.8235294117647058 0.0 0.0 0.0 0.0 0.0 0.0 0.0 0.0 0.7 0.0 0.0 0.5714285714285714 0.0 0.0 0.0 0.0 0.0 0.5882352941176471 0.0 0.0 0.0 0.0 0.0 0.0 
1.0 0.0 0.0 0.0 0.3076923076923077 0.0 0.0 0.0 0.5333333333333333 0.0 0.0 0.0 0.0 0.0 0.0 0.0 0.0 0.0 0.0 0.0 0.7692307692307693 0.7142857142857143 0.42105263157894735 0.7692307692307693 0.0 0.0 0.0 0.0 0.0 0.0 0.0 0.0 0.0 0.0 0.0 0.0 0.0 0.0 0.0 0.0 0.0 0.0 0.0 0.0 0.0 0.0 0.21052631578947367 0.0 0.2857142857142857 0.0 0.47058823529411764 0.0 0.0 0.0 0.0 0.2857142857142857 0.0 0.0 0.0 0.4 0.0 0.0 0.0 0.5333333333333333 0.0 0.23529411764705882 0.3076923076923077 0.0 0.0 0.0 0.0 0.0 0.0 0.0 0.0 0.0 0.42105263157894735 0.0 0.26666666666666666 0.0 0.0 0.0 0.0 0.0 0.0 0.0 0.0 0.5 0.0 0.0 0.47058823529411764 0.0 0.0 0.0 0.0 0.0 0.6666666666666666 0.0 0.0 0.0 0.0 0.0 0.0 
1.0 0.0 0.0 0.0 0.2857142857142857 0.0 0.0 0.0 0.5 0.0 0.0 0.0 0.0 0.0 0.0 0.0 0.0 0.0 0.0 0.0 0.7142857142857143 0.6666666666666666 0.4 0.7142857142857143 0.0 0.0 0.0 0.0 0.0 0.0 0.0 0.0 0.0 0.0 0.0 0.0 0.0 0.0 0.0 0.0 0.0 0.0 0.0 0.0 0.0 0.0 0.2 0.0 0.26666666666666666 0.0 0.4444444444444444 0.0 0.0 0.0 0.0 0.26666666666666666 0.0 0.0 0.0 0.38095238095238093 0.0 0.0 0.0 0.5 0.0 0.2222222222222222 0.2857142857142857 0.0 0.0 0.0 0.0 0.0 0.0 0.0 0.0 0.0 0.4 0.0 0.25 0.0 0.0 0.0 0.0 0.0 0.0 0.0 0.0 0.46153846153846156 0.0 0.0 0.4444444444444444 0.0 0.0 0.0 0.0 0.0 0.625 0.0 0.0 0.0 0.0 0.0 0.0 
0.5555555555555556 0.0 0.0 0.0 0.625 0.0 0.0 0.0 0.7368421052631579 0.0 0.0 0.0 0.0 0.0 0.0 0.0 0.0 0.0 0.0 0.0 0.25 0.23529411764705882 0.7368421052631579 0.25 0.0 0.0 0.0 0.0 0.0 0.0 0.0 0.0 0.0 0.0 0.0 0.0 0.0 0.0 0.0 0.0 0.0 0.0 0.0 0.0 0.0 0.0 0.36363636363636365 0.0 0.8235294117647058 0.0 0.4 0.0 0.0 0.0 0.0 0.5882352941176471 0.0 0.0 0.0 0.5555555555555556 0.0 0.0 0.0 0.631578947368421 0.0 0.4 0.875 0.0 0.0 0.0 0.0 0.0 0.0 0.0 0.0 0.0 0.7058823529411765 0.0 1.0 0.0 0.0 0.0 0.0 0.0 0.0 0.0 0.0 0.6666666666666666 0.0 0.0 0.6666666666666666 0.0 0.0 0.0 0.0 0.0 0.2222222222222222 0.0 0.0 0.0 0.0 0.0 0.0 
0.0 0.0 0.0 0.0 0.0 0.0 0.0 0.0 0.0 0.0 0.0 0.0 0.0 0.0 0.0 0.0 0.0 0.0 0.0 0.0 0.0 0.0 0.0 0.0 0.0 0.0 0.0 0.0 0.0 0.0 0.0 0.0 0.0 0.0 0.0 0.0 0.0 0.0 0.0 0.0 0.0 0.0 0.0 0.0 0.0 0.0 0.0 0.0 0.0 0.0 0.0 0.0 0.0 0.0 0.0 0.0 0.0 0.0 0.0 0.0 0.0 0.0 0.0 0.0 0.0 0.0 0.0 0.0 0.0 0.0 0.0 0.0 0.0 0.0 0.0 0.0 0.0 0.0 0.0 0.0 0.0 0.0 0.0 0.0 0.0 0.0 0.0 0.0 0.0 0.0 0.0 0.0 0.0 0.0 0.0 0.0 0.0 0.0 0.0 0.0 0.0 0.0 0.0 
0.5263157894736842 0.0 0.0 0.0 0.75 0.0 0.0 0.0 0.6 0.0 0.0 0.0 0.0 0.0 0.0 0.0 0.0 0.0 0.0 0.0 0.4 0.38095238095238093 1.0 0.4 0.0 0.0 0.0 0.0 0.0 0.0 0.0 0.0 0.0 0.0 0.0 0.0 0.0 0.0 0.0 0.0 0.0 0.0 0.0 0.0 0.0 0.0 0.64 0.0 0.6666666666666666 0.0 0.6086956521739131 0.0 0.0 0.0 0.0 0.7058823529411765 0.0 0.0 0.0 0.631578947368421 0.0 0.0 0.0 0.6363636363636364 0.0 0.6086956521739131 0.7368421052631579 0.0 0.0 0.0 0.0 0.0 0.0 0.0 0.0 0.0 0.8181818181818182 0.0 0.7368421052631579 0.0 0.0 0.0 0.0 0.0 0.0 0.0 0.0 0.8 0.0 0.0 0.6666666666666666 0.0 0.0 0.0 0.0 0.0 0.36363636363636365 0.0 0.0 0.0 0.0 0.0 0.0 
1.0 0.0 0.0 0.0 0.5 0.0 0.0 0.0 0.625 0.0 0.0 0.0 0.0 0.0 0.0 0.0 0.0 0.0 0.0 0.0 1.0 0.9333333333333333 0.5263157894736842 1.0 0.0 0.0 0.0 0.0 0.0 0.0 0.0 0.0 0.0 0.0 0.0 0.0 0.0 0.0 0.0 0.0 0.0 0.0 0.0 0.0 0.0 0.0 0.36363636363636365 0.0 0.5882352941176471 0.0 0.5 0.0 0.0 0.0 0.0 0.47058823529411764 0.0 0.0 0.0 0.47619047619047616 0.0 0.0 0.0 0.5714285714285714 0.0 0.4 0.625 0.0 0.0 0.0 0.0 0.0 0.0 0.0 0.0 0.0 0.5 0.0 0.5555555555555556 0.0 0.0 0.0 0.0 0.0 0.0 0.0 0.0 0.5555555555555556 0.0 0.0 0.5555555555555556 0.0 0.0 0.0 0.0 0.0 0.875 0.0 0.0 0.0 0.0 0.0 0.0 
1.0 0.0 0.0 0.0 0.2857142857142857 0.0 0.0 0.0 0.5 0.0 0.0 0.0 0.0 0.0 0.0 0.0 0.0 0.0 0.0 0.0 0.7142857142857143 0.6666666666666666 0.4 0.7142857142857143 0.0 0.0 0.0 0.0 0.0 0.0 0.0 0.0 0.0 0.0 0.0 0.0 0.0 0.0 0.0 0.0 0.0 0.0 0.0 0.0 0.0 0.0 0.2 0.0 0.26666666666666666 0.0 0.4444444444444444 0.0 0.0 0.0 0.0 0.26666666666666666 0.0 0.0 0.0 0.38095238095238093 0.0 0.0 0.0 0.5 0.0 0.2222222222222222 0.2857142857142857 0.0 0.0 0.0 0.0 0.0 0.0 0.0 0.0 0.0 0.4 0.0 0.25 0.0 0.0 0.0 0.0 0.0 0.0 0.0 0.0 0.46153846153846156 0.0 0.0 0.4444444444444444 0.0 0.0 0.0 0.0 0.0 0.625 0.0 0.0 0.0 0.0 0.0 0.0 
0.0 0.0 0.0 0.0 0.0 0.0 0.0 0.0 0.0 0.0 0.0 0.0 0.0 0.0 0.0 0.0 0.0 0.0 0.0 0.0 0.0 0.0 0.0 0.0 0.0 0.0 0.0 0.0 0.0 0.0 0.0 0.0 0.0 0.0 0.0 0.0 0.0 0.0 0.0 0.0 0.0 0.0 0.0 0.0 0.0 0.0 0.0 0.0 0.0 0.0 0.0 0.0 0.0 0.0 0.0 0.0 0.0 0.0 0.0 0.0 0.0 0.0 0.0 0.0 0.0 0.0 0.0 0.0 0.0 0.0 0.0 0.0 0.0 0.0 0.0 0.0 0.0 0.0 0.0 0.0 0.0 0.0 0.0 0.0 0.0 0.0 0.0 0.0 0.0 0.0 0.0 0.0 0.0 0.0 0.0 0.0 0.0 0.0 0.0 0.0 0.0 0.0 0.0 
0.0 0.0 0.0 0.0 0.0 0.0 0.0 0.0 0.0 0.0 0.0 0.0 0.0 0.0 0.0 0.0 0.0 0.0 0.0 0.0 0.0 0.0 0.0 0.0 0.0 0.0 0.0 0.0 0.0 0.0 0.0 0.0 0.0 0.0 0.0 0.0 0.0 0.0 0.0 0.0 0.0 0.0 0.0 0.0 0.0 0.0 0.0 0.0 0.0 0.0 0.0 0.0 0.0 0.0 0.0 0.0 0.0 0.0 0.0 0.0 0.0 0.0 0.0 0.0 0.0 0.0 0.0 0.0 0.0 0.0 0.0 0.0 0.0 0.0 0.0 0.0 0.0 0.0 0.0 0.0 0.0 0.0 0.0 0.0 0.0 0.0 0.0 0.0 0.0 0.0 0.0 0.0 0.0 0.0 0.0 0.0 0.0 0.0 0.0 0.0 0.0 0.0 0.0 
0.0 0.0 0.0 0.0 0.0 0.0 0.0 0.0 0.0 0.0 0.0 0.0 0.0 0.0 0.0 0.0 0.0 0.0 0.0 0.0 0.0 0.0 0.0 0.0 0.0 0.0 0.0 0.0 0.0 0.0 0.0 0.0 0.0 0.0 0.0 0.0 0.0 0.0 0.0 0.0 0.0 0.0 0.0 0.0 0.0 0.0 0.0 0.0 0.0 0.0 0.0 0.0 0.0 0.0 0.0 0.0 0.0 0.0 0.0 0.0 0.0 0.0 0.0 0.0 0.0 0.0 0.0 0.0 0.0 0.0 0.0 0.0 0.0 0.0 0.0 0.0 0.0 0.0 0.0 0.0 0.0 0.0 0.0 0.0 0.0 0.0 0.0 0.0 0.0 0.0 0.0 0.0 0.0 0.0 0.0 0.0 0.0 0.0 0.0 0.0 0.0 0.0 0.0 
0.4 0.0 0.0 0.0 0.5555555555555556 0.0 0.0 0.0 0.4444444444444444 0.0 0.0 0.0 0.0 0.0 0.0 0.0 0.0 0.0 0.0 0.0 0.2222222222222222 0.21052631578947367 0.5 0.2222222222222222 0.0 0.0 0.0 0.0 0.0 0.0 0.0 0.0 0.0 0.0 0.0 0.0 0.0 0.0 0.0 0.0 0.0 0.0 0.0 0.0 0.0 0.0 0.3333333333333333 0.0 0.42105263157894735 0.0 0.36363636363636365 0.0 0.0 0.0 0.0 0.5263157894736842 0.0 0.0 0.0 0.5 0.0 0.0 0.0 0.5714285714285714 0.0 0.36363636363636365 0.4444444444444444 0.0 0.0 0.0 0.0 0.0 0.0 0.0 0.0 0.0 0.631578947368421 0.0 0.9 0.0 0.0 0.0 0.0 0.0 0.0 0.0 0.0 0.5 0.0 0.0 0.5882352941176471 0.0 0.0 0.0 0.0 0.0 0.2 0.0 0.0 0.0 0.0 0.0 0.0 
0.0 0.0 0.0 0.0 0.0 0.0 0.0 0.0 0.0 0.0 0.0 0.0 0.0 0.0 0.0 0.0 0.0 0.0 0.0 0.0 0.0 0.0 0.0 0.0 0.0 0.0 0.0 0.0 0.0 0.0 0.0 0.0 0.0 0.0 0.0 0.0 0.0 0.0 0.0 0.0 0.0 0.0 0.0 0.0 0.0 0.0 0.0 0.0 0.0 0.0 0.0 0.0 0.0 0.0 0.0 0.0 0.0 0.0 0.0 0.0 0.0 0.0 0.0 0.0 0.0 0.0 0.0 0.0 0.0 0.0 0.0 0.0 0.0 0.0 0.0 0.0 0.0 0.0 0.0 0.0 0.0 0.0 0.0 0.0 0.0 0.0 0.0 0.0 0.0 0.0 0.0 0.0 0.0 0.0 0.0 0.0 0.0 0.0 0.0 0.0 0.0 0.0 0.0 
0.0 0.0 0.0 0.0 0.0 0.0 0.0 0.0 0.0 0.0 0.0 0.0 0.0 0.0 0.0 0.0 0.0 0.0 0.0 0.0 0.0 0.0 0.0 0.0 0.0 0.0 0.0 0.0 0.0 0.0 0.0 0.0 0.0 0.0 0.0 0.0 0.0 0.0 0.0 0.0 0.0 0.0 0.0 0.0 0.0 0.0 0.0 0.0 0.0 0.0 0.0 0.0 0.0 0.0 0.0 0.0 0.0 0.0 0.0 0.0 0.0 0.0 0.0 0.0 0.0 0.0 0.0 0.0 0.0 0.0 0.0 0.0 0.0 0.0 0.0 0.0 0.0 0.0 0.0 0.0 0.0 0.0 0.0 0.0 0.0 0.0 0.0 0.0 0.0 0.0 0.0 0.0 0.0 0.0 0.0 0.0 0.0 0.0 0.0 0.0 0.0 0.0 0.0 
0.625 0.0 0.0 0.0 0.5714285714285714 0.0 0.0 0.0 1.0 0.0 0.0 0.0 0.0 0.0 0.0 0.0 0.0 0.0 0.0 0.0 0.5 0.47058823529411764 0.6 0.5 0.0 0.0 0.0 0.0 0.0 0.0 0.0 0.0 0.0 0.0 0.0 0.0 0.0 0.0 0.0 0.0 0.0 0.0 0.0 0.0 0.0 0.0 0.4 0.0 0.7777777777777778 0.0 0.625 0.0 0.0 0.0 0.0 0.5333333333333333 0.0 0.0 0.0 0.5 0.0 0.0 0.0 0.875 0.0 0.4444444444444444 0.8235294117647058 0.0 0.0 0.0 0.0 0.0 0.0 0.0 0.0 0.0 0.5333333333333333 0.0 0.7368421052631579 0.0 0.0 0.0 0.0 0.0 0.0 0.0 0.0 0.6363636363636364 0.0 0.0 0.6153846153846154 0.0 0.0 0.0 0.0 0.0 0.4444444444444444 0.0 0.0 0.0 0.0 0.0 0.0 
0.5 0.0 0.0 0.0 0.4444444444444444 0.0 0.0 0.0 0.5714285714285714 0.0 0.0 0.0 0.0 0.0 0.0 0.0 0.0 0.0 0.0 0.0 0.4 0.375 0.8571428571428571 0.4 0.0 0.0 0.0 0.0 0.0 0.0 0.0 0.0 0.0 0.0 0.0 0.0 0.0 0.0 0.0 0.0 0.0 0.0 0.0 0.0 0.0 0.0 0.3333333333333333 0.0 0.631578947368421 0.0 0.36363636363636365 0.0 0.0 0.0 0.0 0.42105263157894735 0.0 0.0 0.0 0.4 0.0 0.0 0.0 0.4444444444444444 0.0 0.36363636363636365 0.7 0.0 0.0 0.0 0.0 0.0 0.0 0.0 0.0 0.0 0.46153846153846156 0.0 0.7 0.0 0.0 0.0 0.0 0.0 0.0 0.0 0.0 0.5714285714285714 0.0 0.0 0.47058823529411764 0.0 0.0 0.0 0.0 0.0 0.35294117647058826 0.0 0.0 0.0 0.0 0.0 0.0 
0.5555555555555556 0.0 0.0 0.0 0.5 0.0 0.0 0.0 0.7 0.0 0.0 0.0 0.0 0.0 0.0 0.0 0.0 0.0 0.0 0.0 0.4444444444444444 0.42105263157894735 0.7368421052631579 0.4444444444444444 0.0 0.0 0.0 0.0 0.0 0.0 0.0 0.0 0.0 0.0 0.0 0.0 0.0 0.0 0.0 0.0 0.0 0.0 0.0 0.0 0.0 0.0 0.36363636363636365 0.0 0.7777777777777778 0.0 0.4444444444444444 0.0 0.0 0.0 0.0 0.47058823529411764 0.0 0.0 0.0 0.5714285714285714 0.0 0.0 0.0 0.5 0.0 0.4 0.8888888888888888 0.0 0.0 0.0 0.0 0.0 0.0 0.0 0.0 0.0 0.6 0.0 0.7777777777777778 0.0 0.0 0.0 0.0 0.0 0.0 0.0 0.0 0.6666666666666666 0.0 0.0 0.6666666666666666 0.0 0.0 0.0 0.0 0.0 0.4 0.0 0.0 0.0 0.0 0.0 0.0 
0.5 0.0 0.0 0.0 0.5882352941176471 0.0 0.0 0.0 0.5 0.0 0.0 0.0 0.0 0.0 0.0 0.0 0.0 0.0 0.0 0.0 0.4 0.38095238095238093 0.64 0.4 0.0 0.0 0.0 0.0 0.0 0.0 0.0 0.0 0.0 0.0 0.0 0.0 0.0 0.0 0.0 0.0 0.0 0.0 0.0 0.0 0.0 0.0 0.9230769230769231 0.0 0.47058823529411764 0.0 0.6363636363636364 0.0 0.0 0.0 0.0 0.6666666666666666 0.0 0.0 0.0 0.6363636363636364 0.0 0.0 0.0 0.7368421052631579 0.0 0.6363636363636364 0.72 0.0 0.0 0.0 0.0 0.0 0.0 0.0 0.0 0.0 0.6666666666666666 0.0 0.4444444444444444 0.0 0.0 0.0 0.0 0.0 0.0 0.0 0.0 0.7 0.0 0.0 0.6 0.0 0.0 0.0 0.0 0.0 0.36363636363636365 0.0 0.0 0.0 0.0 0.0 0.0 
0.0 0.0 0.0 0.0 0.0 0.0 0.0 0.0 0.0 0.0 0.0 0.0 0.0 0.0 0.0 0.0 0.0 0.0 0.0 0.0 0.0 0.0 0.0 0.0 0.0 0.0 0.0 0.0 0.0 0.0 0.0 0.0 0.0 0.0 0.0 0.0 0.0 0.0 0.0 0.0 0.0 0.0 0.0 0.0 0.0 0.0 0.0 0.0 0.0 0.0 0.0 0.0 0.0 0.0 0.0 0.0 0.0 0.0 0.0 0.0 0.0 0.0 0.0 0.0 0.0 0.0 0.0 0.0 0.0 0.0 0.0 0.0 0.0 0.0 0.0 0.0 0.0 0.0 0.0 0.0 0.0 0.0 0.0 0.0 0.0 0.0 0.0 0.0 0.0 0.0 0.0 0.0 0.0 0.0 0.0 0.0 0.0 0.0 0.0 0.0 0.0 0.0 0.0 
1.0 0.0 0.0 0.0 0.2857142857142857 0.0 0.0 0.0 0.5 0.0 0.0 0.0 0.0 0.0 0.0 0.0 0.0 0.0 0.0 0.0 0.7142857142857143 0.6666666666666666 0.4 0.7142857142857143 0.0 0.0 0.0 0.0 0.0 0.0 0.0 0.0 0.0 0.0 0.0 0.0 0.0 0.0 0.0 0.0 0.0 0.0 0.0 0.0 0.0 0.0 0.2 0.0 0.26666666666666666 0.0 0.4444444444444444 0.0 0.0 0.0 0.0 0.26666666666666666 0.0 0.0 0.0 0.38095238095238093 0.0 0.0 0.0 0.5 0.0 0.2222222222222222 0.2857142857142857 0.0 0.0 0.0 0.0 0.0 0.0 0.0 0.0 0.0 0.4 0.0 0.25 0.0 0.0 0.0 0.0 0.0 0.0 0.0 0.0 0.46153846153846156 0.0 0.0 0.4444444444444444 0.0 0.0 0.0 0.0 0.0 0.625 0.0 0.0 0.0 0.0 0.0 0.0 
1.0 0.0 0.0 0.0 0.2857142857142857 0.0 0.0 0.0 0.5 0.0 0.0 0.0 0.0 0.0 0.0 0.0 0.0 0.0 0.0 0.0 1.0 0.9473684210526315 0.4 0.8571428571428571 0.0 0.0 0.0 0.0 0.0 0.0 0.0 0.0 0.0 0.0 0.0 0.0 0.0 0.0 0.0 0.0 0.0 0.0 0.0 0.0 0.0 0.0 0.2 0.0 0.26666666666666666 0.0 0.4444444444444444 0.0 0.0 0.0 0.0 0.4444444444444444 0.0 0.0 0.0 0.38095238095238093 0.0 0.0 0.0 0.5 0.0 0.2222222222222222 0.2857142857142857 0.0 0.0 0.0 0.0 0.0 0.0 0.0 0.0 0.0 0.4 0.0 0.25 0.0 0.0 0.0 0.0 0.0 0.0 0.0 0.0 0.46153846153846156 0.0 0.0 0.4444444444444444 0.0 0.0 0.0 0.0 0.0 0.625 0.0 0.0 0.0 0.0 0.0 0.0 
0.625 0.0 0.0 0.0 0.75 0.0 0.0 0.0 0.8235294117647058 0.0 0.0 0.0 0.0 0.0 0.0 0.0 0.0 0.0 0.0 0.0 0.2857142857142857 0.26666666666666666 0.7368421052631579 0.2857142857142857 0.0 0.0 0.0 0.0 0.0 0.0 0.0 0.0 0.0 0.0 0.0 0.0 0.0 0.0 0.0 0.0 0.0 0.0 0.0 0.0 0.0 0.0 0.72 0.0 0.9333333333333333 0.0 0.8 0.0 0.0 0.0 0.0 0.7058823529411765 0.0 0.0 0.0 0.8 0.0 0.0 0.0 0.8421052631578947 0.0 0.8 1.0 0.0 0.0 0.0 0.0 0.0 0.0 0.0 0.0 0.0 0.7368421052631579 0.0 0.875 0.0 0.0 0.0 0.0 0.0 0.0 0.0 0.0 0.7368421052631579 0.0 0.0 0.6153846153846154 0.0 0.0 0.0 0.0 0.0 0.25 0.0 0.0 0.0 0.0 0.0 0.0 
0.0 0.0 0.0 0.0 0.0 0.0 0.0 0.0 0.0 0.0 0.0 0.0 0.0 0.0 0.0 0.0 0.0 0.0 0.0 0.0 0.0 0.0 0.0 0.0 0.0 0.0 0.0 0.0 0.0 0.0 0.0 0.0 0.0 0.0 0.0 0.0 0.0 0.0 0.0 0.0 0.0 0.0 0.0 0.0 0.0 0.0 0.0 0.0 0.0 0.0 0.0 0.0 0.0 0.0 0.0 0.0 0.0 0.0 0.0 0.0 0.0 0.0 0.0 0.0 0.0 0.0 0.0 0.0 0.0 0.0 0.0 0.0 0.0 0.0 0.0 0.0 0.0 0.0 0.0 0.0 0.0 0.0 0.0 0.0 0.0 0.0 0.0 0.0 0.0 0.0 0.0 0.0 0.0 0.0 0.0 0.0 0.0 0.0 0.0 0.0 0.0 0.0 0.0 
0.5 0.0 0.0 0.0 0.5263157894736842 0.0 0.0 0.0 0.625 0.0 0.0 0.0 0.0 0.0 0.0 0.0 0.0 0.0 0.0 0.0 0.4444444444444444 0.42105263157894735 0.6086956521739131 0.4444444444444444 0.0 0.0 0.0 0.0 0.0 0.0 0.0 0.0 0.0 0.0 0.0 0.0 0.0 0.0 0.0 0.0 0.0 0.0 0.0 0.0 0.0 0.0 0.5833333333333334 0.0 0.42105263157894735 0.0 1.0 0.0 0.0 0.0 0.0 0.64 0.0 0.0 0.0 0.7272727272727273 0.0 0.0 0.0 0.7619047619047619 0.0 0.7272727272727273 0.8 0.0 0.0 0.0 0.0 0.0 0.0 0.0 0.0 0.0 0.6666666666666666 0.0 0.4 0.0 0.0 0.0 0.0 0.0 0.0 0.0 0.0 0.4444444444444444 0.0 0.0 0.47058823529411764 0.0 0.0 0.0 0.0 0.0 0.4 0.0 0.0 0.0 0.0 0.0 0.0 
1.0 0.0 0.0 0.0 0.2857142857142857 0.0 0.0 0.0 0.5 0.0 0.0 0.0 0.0 0.0 0.0 0.0 0.0 0.0 0.0 0.0 0.7142857142857143 0.6666666666666666 0.4 0.7142857142857143 0.0 0.0 0.0 0.0 0.0 0.0 0.0 0.0 0.0 0.0 0.0 0.0 0.0 0.0 0.0 0.0 0.0 0.0 0.0 0.0 0.0 0.0 0.2 0.0 0.26666666666666666 0.0 0.4444444444444444 0.0 0.0 0.0 0.0 0.26666666666666666 0.0 0.0 0.0 0.38095238095238093 0.0 0.0 0.0 0.5 0.0 0.2222222222222222 0.2857142857142857 0.0 0.0 0.0 0.0 0.0 0.0 0.0 0.0 0.0 0.4 0.0 0.25 0.0 0.0 0.0 0.0 0.0 0.0 0.0 0.0 0.46153846153846156 0.0 0.0 0.4444444444444444 0.0 0.0 0.0 0.0 0.0 0.9523809523809523 0.0 0.0 0.0 0.0 0.0 0.0 
1.0 0.0 0.0 0.0 0.5333333333333333 0.0 0.0 0.0 0.5333333333333333 0.0 0.0 0.0 0.0 0.0 0.0 0.0 0.0 0.0 0.0 0.0 0.7142857142857143 0.6666666666666666 0.47058823529411764 0.7142857142857143 0.0 0.0 0.0 0.0 0.0 0.0 0.0 0.0 0.0 0.0 0.0 0.0 0.0 0.0 0.0 0.0 0.0 0.0 0.0 0.0 0.0 0.0 0.38095238095238093 0.0 0.5 0.0 0.4444444444444444 0.0 0.0 0.0 0.0 0.5 0.0 0.0 0.0 0.47058823529411764 0.0 0.0 0.0 0.6666666666666666 0.0 0.42105263157894735 0.5882352941176471 0.0 0.0 0.0 0.0 0.0 0.0 0.0 0.0 0.0 0.5 0.0 0.47058823529411764 0.0 0.0 0.0 0.0 0.0 0.0 0.0 0.0 0.47058823529411764 0.0 0.0 0.5714285714285714 0.0 0.0 0.0 0.0 0.0 0.625 0.0 0.0 0.0 0.0 0.0 0.0 
1.0 0.0 0.0 0.0 0.7142857142857143 0.0 0.0 0.0 0.5714285714285714 0.0 0.0 0.0 0.0 0.0 0.0 0.0 0.0 0.0 0.0 0.0 0.7142857142857143 0.6666666666666666 0.625 0.7142857142857143 0.0 0.0 0.0 0.0 0.0 0.0 0.0 0.0 0.0 0.0 0.0 0.0 0.0 0.0 0.0 0.0 0.0 0.0 0.0 0.0 0.0 0.0 0.4 0.0 0.5333333333333333 0.0 0.4444444444444444 0.0 0.0 0.0 0.0 0.6666666666666666 0.0 0.0 0.0 0.625 0.0 0.0 0.0 0.5882352941176471 0.0 0.4444444444444444 0.5714285714285714 0.0 0.0 0.0 0.0 0.0 0.0 0.0 0.0 0.0 0.6666666666666666 0.0 0.625 0.0 0.0 0.0 0.0 0.0 0.0 0.0 0.0 0.625 0.0 0.0 0.7692307692307693 0.0 0.0 0.0 0.0 0.0 0.625 0.0 0.0 0.0 0.0 0.0 0.0 
1.0 0.0 0.0 0.0 0.2857142857142857 0.0 0.0 0.0 0.5 0.0 0.0 0.0 0.0 0.0 0.0 0.0 0.0 0.0 0.0 0.0 0.7142857142857143 0.6666666666666666 0.4 0.7142857142857143 0.0 0.0 0.0 0.0 0.0 0.0 0.0 0.0 0.0 0.0 0.0 0.0 0.0 0.0 0.0 0.0 0.0 0.0 0.0 0.0 0.0 0.0 0.2 0.0 0.26666666666666666 0.0 0.4444444444444444 0.0 0.0 0.0 0.0 0.2857142857142857 0.0 0.0 0.0 0.38095238095238093 0.0 0.0 0.0 0.6153846153846154 0.0 0.2222222222222222 0.2857142857142857 0.0 0.0 0.0 0.0 0.0 0.0 0.0 0.0 0.0 0.7692307692307693 0.0 0.25 0.0 0.0 0.0 0.0 0.0 0.0 0.0 0.0 0.46153846153846156 0.0 0.0 0.4444444444444444 0.0 0.0 0.0 0.0 0.0 0.625 0.0 0.0 0.0 0.0 0.0 0.0 
0.5454545454545454 0.0 0.0 0.0 0.7142857142857143 0.0 0.0 0.0 0.6153846153846154 0.0 0.0 0.0 0.0 0.0 0.0 0.0 0.0 0.0 0.0 0.0 0.46153846153846156 0.42857142857142855 0.6666666666666666 0.46153846153846156 0.0 0.0 0.0 0.0 0.0 0.0 0.0 0.0 0.0 0.0 0.0 0.0 0.0 0.0 0.0 0.0 0.0 0.0 0.0 0.0 0.0 0.0 0.631578947368421 0.0 0.5714285714285714 0.0 0.7058823529411765 0.0 0.0 0.0 0.0 0.8 0.0 0.0 0.0 0.75 0.0 0.0 0.0 0.8235294117647058 0.0 0.7058823529411765 0.8 0.0 0.0 0.0 0.0 0.0 0.0 0.0 0.0 0.0 0.75 0.0 0.5333333333333333 0.0 0.0 0.0 0.0 0.0 0.0 0.0 0.0 0.5333333333333333 0.0 0.0 0.6666666666666666 0.0 0.0 0.0 0.0 0.0 0.4 0.0 0.0 0.0 0.0 0.0 0.0 
0.4444444444444444 0.0 0.0 0.0 0.5555555555555556 0.0 0.0 0.0 0.5 0.0 0.0 0.0 0.0 0.0 0.0 0.0 0.0 0.0 0.0 0.0 0.25 0.23529411764705882 0.6363636363636364 0.25 0.0 0.0 0.0 0.0 0.0 0.0 0.0 0.0 0.0 0.0 0.0 0.0 0.0 0.0 0.0 0.0 0.0 0.0 0.0 0.0 0.0 0.0 0.6086956521739131 0.0 0.47058823529411764 0.0 0.7619047619047619 0.0 0.0 0.0 0.0 0.6666666666666666 0.0 0.0 0.0 0.7619047619047619 0.0 0.0 0.0 0.8 0.0 0.7619047619047619 0.8421052631578947 0.0 0.0 0.0 0.0 0.0 0.0 0.0 0.0 0.0 0.7 0.0 0.4444444444444444 0.0 0.0 0.0 0.0 0.0 0.0 0.0 0.0 0.4444444444444444 0.0 0.0 0.5333333333333333 0.0 0.0 0.0 0.0 0.0 0.2222222222222222 0.0 0.0 0.0 0.0 0.0 0.0 
0.5 0.0 0.0 0.0 1.0 0.0 0.0 0.0 0.5714285714285714 0.0 0.0 0.0 0.0 0.0 0.0 0.0 0.0 0.0 0.0 0.0 0.2857142857142857 0.26666666666666666 0.75 0.2857142857142857 0.0 0.0 0.0 0.0 0.0 0.0 0.0 0.0 0.0 0.0 0.0 0.0 0.0 0.0 0.0 0.0 0.0 0.0 0.0 0.0 0.0 0.0 0.47619047619047616 0.0 0.5333333333333333 0.0 0.5263157894736842 0.0 0.0 0.0 0.0 0.8235294117647058 0.0 0.0 0.0 0.7058823529411765 0.0 0.0 0.0 0.8 0.0 0.5263157894736842 0.75 0.0 0.0 0.0 0.0 0.0 0.0 0.0 0.0 0.0 0.75 0.0 0.625 0.0 0.0 0.0 0.0 0.0 0.0 0.0 0.0 0.625 0.0 0.0 0.7692307692307693 0.0 0.0 0.0 0.0 0.0 0.25 0.0 0.0 0.0 0.0 0.0 0.0 
0.9333333333333333 0.0 0.0 0.0 0.5714285714285714 0.0 0.0 0.0 0.8421052631578947 0.0 0.0 0.0 0.0 0.0 0.0 0.0 0.0 0.0 0.0 0.0 0.6666666666666666 0.625 0.631578947368421 0.6666666666666666 0.0 0.0 0.0 0.0 0.0 0.0 0.0 0.0 0.0 0.0 0.0 0.0 0.0 0.0 0.0 0.0 0.0 0.0 0.0 0.0 0.0 0.0 0.4 0.0 0.8235294117647058 0.0 0.4444444444444444 0.0 0.0 0.0 0.0 0.5333333333333333 0.0 0.0 0.0 0.5 0.0 0.0 0.0 0.8 0.0 0.4444444444444444 0.875 0.0 0.0 0.0 0.0 0.0 0.0 0.0 0.0 0.0 0.5333333333333333 0.0 0.7777777777777778 0.0 0.0 0.0 0.0 0.0 0.0 0.0 0.0 0.6666666666666666 0.0 0.0 0.6153846153846154 0.0 0.0 0.0 0.0 0.0 0.8235294117647058 0.0 0.0 0.0 0.0 0.0 0.0 
0.0 0.0 0.0 0.0 0.0 0.0 0.0 0.0 0.0 0.0 0.0 0.0 0.0 0.0 0.0 0.0 0.0 0.0 0.0 0.0 0.0 0.0 0.0 0.0 0.0 0.0 0.0 0.0 0.0 0.0 0.0 0.0 0.0 0.0 0.0 0.0 0.0 0.0 0.0 0.0 0.0 0.0 0.0 0.0 0.0 0.0 0.0 0.0 0.0 0.0 0.0 0.0 0.0 0.0 0.0 0.0 0.0 0.0 0.0 0.0 0.0 0.0 0.0 0.0 0.0 0.0 0.0 0.0 0.0 0.0 0.0 0.0 0.0 0.0 0.0 0.0 0.0 0.0 0.0 0.0 0.0 0.0 0.0 0.0 0.0 0.0 0.0 0.0 0.0 0.0 0.0 0.0 0.0 0.0 0.0 0.0 0.0 0.0 0.0 0.0 0.0 0.0 0.0 
0.5 0.0 0.0 0.0 0.6666666666666666 0.0 0.0 0.0 0.5714285714285714 0.0 0.0 0.0 0.0 0.0 0.0 0.0 0.0 0.0 0.0 0.0 0.2857142857142857 0.26666666666666666 0.631578947368421 0.2857142857142857 0.0 0.0 0.0 0.0 0.0 0.0 0.0 0.0 0.0 0.0 0.0 0.0 0.0 0.0 0.0 0.0 0.0 0.0 0.0 0.0 0.0 0.0 0.6 0.0 0.5333333333333333 0.0 0.6666666666666666 0.0 0.0 0.0 0.0 0.875 0.0 0.0 0.0 0.8235294117647058 0.0 0.0 0.0 0.7142857142857143 0.0 0.6666666666666666 0.75 0.0 0.0 0.0 0.0 0.0 0.0 0.0 0.0 0.0 0.7058823529411765 0.0 0.5 0.0 0.0 0.0 0.0 0.0 0.0 0.0 0.0 0.5 0.0 0.0 0.6153846153846154 0.0 0.0 0.0 0.0 0.0 0.25 0.0 0.0 0.0 0.0 0.0 0.0 
0.0 0.0 0.0 0.0 0.0 0.0 0.0 0.0 0.0 0.0 0.0 0.0 0.0 0.0 0.0 0.0 0.0 0.0 0.0 0.0 0.0 0.0 0.0 0.0 0.0 0.0 0.0 0.0 0.0 0.0 0.0 0.0 0.0 0.0 0.0 0.0 0.0 0.0 0.0 0.0 0.0 0.0 0.0 0.0 0.0 0.0 0.0 0.0 0.0 0.0 0.0 0.0 0.0 0.0 0.0 0.0 0.0 0.0 0.0 0.0 0.0 0.0 0.0 0.0 0.0 0.0 0.0 0.0 0.0 0.0 0.0 0.0 0.0 0.0 0.0 0.0 0.0 0.0 0.0 0.0 0.0 0.0 0.0 0.0 0.0 0.0 0.0 0.0 0.0 0.0 0.0 0.0 0.0 0.0 0.0 0.0 0.0 0.0 0.0 0.0 0.0 0.0 0.0 
0.5555555555555556 0.0 0.0 0.0 0.5 0.0 0.0 0.0 0.8888888888888888 0.0 0.0 0.0 0.0 0.0 0.0 0.0 0.0 0.0 0.0 0.0 0.4444444444444444 0.42105263157894735 0.7368421052631579 0.4444444444444444 0.0 0.0 0.0 0.0 0.0 0.0 0.0 0.0 0.0 0.0 0.0 0.0 0.0 0.0 0.0 0.0 0.0 0.0 0.0 0.0 0.0 0.0 0.36363636363636365 0.0 0.7058823529411765 0.0 0.5555555555555556 0.0 0.0 0.0 0.0 0.47058823529411764 0.0 0.0 0.0 0.4444444444444444 0.0 0.0 0.0 0.7777777777777778 0.0 0.4 0.7777777777777778 0.0 0.0 0.0 0.0 0.0 0.0 0.0 0.0 0.0 0.47058823529411764 0.0 0.7777777777777778 0.0 0.0 0.0 0.0 0.0 0.0 0.0 0.0 0.5714285714285714 0.0 0.0 0.5333333333333333 0.0 0.0 0.0 0.0 0.0 0.4 0.0 0.0 0.0 0.0 0.0 0.0 
0.0 0.0 0.0 0.0 0.0 0.0 0.0 0.0 0.0 0.0 0.0 0.0 0.0 0.0 0.0 0.0 0.0 0.0 0.0 0.0 0.0 0.0 0.0 0.0 0.0 0.0 0.0 0.0 0.0 0.0 0.0 0.0 0.0 0.0 0.0 0.0 0.0 0.0 0.0 0.0 0.0 0.0 0.0 0.0 0.0 0.0 0.0 0.0 0.0 0.0 0.0 0.0 0.0 0.0 0.0 0.0 0.0 0.0 0.0 0.0 0.0 0.0 0.0 0.0 0.0 0.0 0.0 0.0 0.0 0.0 0.0 0.0 0.0 0.0 0.0 0.0 0.0 0.0 0.0 0.0 0.0 0.0 0.0 0.0 0.0 0.0 0.0 0.0 0.0 0.0 0.0 0.0 0.0 0.0 0.0 0.0 0.0 0.0 0.0 0.0 0.0 0.0 0.0 
