1.0 0.0 0.0 0.0 0.0 0.0 0.0 0.6818181818181818 0.0 0.0 0.0 0.0 0.0 0.0 0.8333333333333333 0.0 0.0 0.0 0.0 0.0 0.0 0.0 0.0 0.0 0.0 0.09999999999999998 0.0 0.050000000000000044 0.0 0.0 0.0 0.0 0.0 0.0 0.0 0.0 0.0 0.0 
0.050000000000000044 0.0 0.0 0.0 0.0 0.0 0.0 0.050000000000000044 0.0 0.0 0.0 0.0 0.0 0.0 0.0 0.0 0.0 0.0 0.0 0.0 0.0 0.0 0.0 0.0 0.0 0.050000000000000044 0.0 1.0 0.0 0.0 0.0 0.0 0.0 0.0 0.0 0.0 0.0 0.0 
0.0 0.5087681549220011 0.0 0.0 0.09999999999999998 0.050000000000000044 0.0 0.0 0.0 0.6756422924901185 0.0 0.0 0.0 0.050000000000000044 0.0 0.09999999999999998 0.0 0.0 0.0 0.0 0.0 0.0 0.0 0.0 0.0 0.0 0.0 0.0 0.351027397260274 0.0 0.09999999999999998 0.0 0.7857142857142857 0.0 0.0 0.0 0.050000000000000044 0.0 
0.0 0.09999999999999998 0.0 0.0 0.95 0.050000000000000044 0.36082693947144073 0.0 0.0 0.0 0.2731732668121818 0.391883911246098 0.0 0.050000000000000044 0.0 0.09999999999999998 0.0 0.0 0.0 0.0 0.0 0.0 0.0 0.0 0.0 0.4228726287262873 0.0 0.0 0.0 0.0 0.4296743402582819 0.0 0.0 0.0 0.0 0.0 0.050000000000000044 0.0 
0.0 0.09999999999999998 0.0 0.0 0.8875 0.050000000000000044 0.3941679574382113 0.0 0.0 0.0 0.21579141392137802 0.3245861434702636 0.0 0.050000000000000044 0.0 0.43009904622157 0.0 0.0 0.5028253736784543 0.0 0.0 0.0 0.33814395323346735 0.0 0.0 0.0 0.0 0.0 0.0 0.0 0.8970588235294118 0.0 0.0 0.2318163751987281 0.0 0.0 0.050000000000000044 0.0 
0.0 0.050000000000000044 0.0 0.0 0.3226309026662384 0.7753634350630596 0.38821036889332006 0.0 0.0 0.0 0.21106813011709702 0.0 0.0 0.050000000000000044 0.0 0.3858703939008895 0.0 0.0 0.49798893916540976 0.0 0.0 0.0 0.3323866044934294 0.0 0.0 0.0 0.0 0.0 0.0 0.0 0.8585714285714285 0.0 0.0 0.22745351956340765 0.0 0.0 0.050000000000000044 0.0 
0.0 0.0 0.0 0.0 0.29704684317718943 0.0 0.09999999999999998 0.0 0.25939583037866965 0.0 0.5999599567532935 0.0 0.0 0.0 0.0 0.0 0.0 0.0 0.0 0.21560532984549996 0.5800849575212393 0.0 0.0 0.09999999999999998 0.0 0.2825412915151154 0.4785109156076899 0.3963124504361618 0.40751628793897976 0.0 0.0 0.0 0.0 0.0 0.0 0.0 0.0 0.09999999999999998 
0.0 0.09999999999999998 0.0 0.0 0.4083237060998153 0.050000000000000044 0.3941679574382113 0.0 0.0 0.0 0.21579141392137802 0.0 0.0 0.050000000000000044 0.2864487060998152 0.43009904622157 0.0 0.0 0.5028253736784543 0.0 0.0 0.7142857142857143 0.33814395323346735 0.0 0.0 0.0 0.0 0.0 0.0 0.0 0.911764705882353 0.0 0.0 0.2318163751987281 0.0 0.0 0.050000000000000044 0.0 
0.0 0.0 0.0 0.0 0.29704684317718943 0.0 0.660331928798693 0.0 0.050000000000000044 0.0 0.22641051205358287 0.0 0.0 0.0 0.0 0.3618442489410232 0.0 0.0 0.5137434554973822 0.050000000000000044 0.050000000000000044 0.050000000000000044 0.351027397260274 0.0 0.0 0.0 0.0 0.0 0.0 0.0 0.875 0.0 0.0 0.24158473105841527 0.0 0.0 0.0 0.0 
0.0 0.09999999999999998 0.0 0.0 0.906896551724138 0.050000000000000044 0.0 0.0 0.0 0.0 0.17735565425350197 0.3444513715710724 0.0 0.050000000000000044 0.0 0.09999999999999998 0.0 0.0 0.0 0.0 0.3204045058883769 0.0 0.0 0.0 0.0 0.288412852969815 0.0 0.0 0.0 0.0 0.3968863205106089 0.0 0.0 0.0 0.0 0.0 0.050000000000000044 0.0 
0.0 0.09999999999999998 0.0 0.3507887013939839 0.8875 0.26657501963864894 0.0 0.0 0.0 0.0 0.164504716981132 0.3245861434702636 0.0 0.050000000000000044 0.0 0.43009904622157 0.0 0.0 0.0 0.2063753649119503 0.0 0.0 0.0 0.24003504161191414 0.0 0.0 0.0 0.0 0.0 0.43253968253968256 0.3834236920574683 0.0 0.0 0.2318163751987281 0.27211714460036607 0.2598942802927624 0.050000000000000044 0.1967307926458055 
0.050000000000000044 0.0 0.0 0.0 0.0 0.0 0.0 0.050000000000000044 0.0 0.0 0.0 0.0 0.0 0.0 0.0 0.0 0.0 0.0 0.0 0.0 0.0 0.0 0.0 0.0 0.0 0.050000000000000044 0.0 0.050000000000000044 0.0 0.0 0.0 0.0 0.0 0.0 0.0 0.0 0.0 0.0 
0.0 0.3293356177422426 0.0 0.0 0.7702702702702703 0.0 0.28258145363408516 0.0 0.050000000000000044 0.0 0.4867639728195755 0.2996517701683111 0.0 0.0 0.0 0.0 0.0 0.2657657657657658 0.0 0.28775553991657943 0.3242481203007519 0.050000000000000044 0.0 0.0 0.0 0.7894736842105263 0.0 0.0 0.0 0.0 0.23984442523768368 0.0 0.0 0.0 0.0 0.0 0.0 0.0 
0.0 0.09999999999999998 0.0 0.3749019607843137 0.9142857142857144 0.2865847604864731 0.0 0.0 0.0 0.0 0.18243661100803954 0.35223085208912075 0.0 0.050000000000000044 0.0 0.09999999999999998 0.0 0.0 0.0 0.2264711520030669 0.0 0.0 0.0 0.2616243961352658 0.0 0.0 0.0 0.0 0.0 0.4568236714975845 0.4022033898305085 0.0 0.0 0.253071253071253 0.29480630055342694 0.2822033898305085 0.050000000000000044 0.21634615384615385 
0.0 0.0 0.36808940672928303 0.0 0.30301909131271276 0.0 0.4864606839090435 0.0 0.0 0.0 0.4951022128556376 0.0 0.0 0.0 0.0 0.36808940672928303 0.0 0.0 0.5199375450396349 0.0 0.0 0.0 0.35827413532083385 0.09999999999999998 0.0 0.0 0.8615384615384616 0.0 0.0 0.0 0.8870967741935484 0.0 0.0 0.2470839081901417 0.0 0.0 0.0 0.09999999999999998 
0.0 0.0 0.0 0.0 0.0 0.0 0.0 0.0 0.0 0.0 0.2088599752168525 0.0 0.0 0.0 0.342741935483871 0.0 0.0 0.0 0.0 0.0 0.4648829431438126 0.0 0.0 0.0 0.0 0.32744680851063834 0.0 0.0 0.0 0.0 0.0 0.0 0.0 0.0 0.0 0.0 0.0 0.0 
0.0 0.4346682606096832 0.0 0.0 0.8935483870967742 0.050000000000000044 0.3087378640776699 0.0 0.0 0.0 0.5455909009676019 0.3307003221393584 0.0 0.050000000000000044 0.0 0.09999999999999998 0.0 0.0 0.0 0.0 0.3087378640776699 0.0 0.0 0.0 0.0 0.84375 0.0 0.0 0.0 0.0 0.3875494071146246 0.0 0.0 0.0 0.0 0.0 0.050000000000000044 0.0 
0.0 0.38236568457539 0.050000000000000044 0.09999999999999998 0.0 0.0 0.0 0.0 0.0 0.0 0.0 0.050000000000000044 0.0 0.0 0.050000000000000044 0.0 0.0 0.0 0.0 0.0 0.0 0.0 0.0 0.2682759000330288 0.0 0.0 0.0 0.41702014846235413 0.4321544758106832 0.0 0.0 0.0 0.0 0.050000000000000044 0.050000000000000044 0.28907701837703903 0.0 0.22241086587436332 
0.0 0.09999999999999998 0.0 0.0 0.9307692307692308 0.050000000000000044 0.0 0.0 0.0 0.0 0.0 0.37007389162561577 0.0 0.050000000000000044 0.0 0.09999999999999998 0.0 0.0 0.0 0.0 0.0 0.0 0.0 0.0 0.0 0.0 0.0 0.0 0.4419767441860465 0.0 0.4144904458598726 0.0 0.0 0.0 0.0 0.0 0.050000000000000044 0.0 
0.0 0.0 0.0 0.0 0.29704684317718943 0.0 0.47993008104242807 0.0 0.0 0.0 0.31072423754377887 0.0 0.0 0.0 0.0 0.3618442489410232 0.0 0.0 0.5137434554973822 0.0 0.0 0.0 0.351027397260274 0.09999999999999998 0.0 0.0 0.09999999999999998 0.0 0.0 0.0 0.875 0.0 0.0 0.24158473105841527 0.0 0.0 0.0 0.09999999999999998 
0.7941176470588236 0.050000000000000044 0.0 0.0 0.050000000000000044 0.09999999999999998 0.0 0.4692982456140351 0.0 0.0 0.0 0.0 0.0 0.050000000000000044 0.5681818181818181 0.050000000000000044 0.0 0.0 0.0 0.0 0.0 0.0 0.0 0.0 0.0 0.0 0.0 0.0 0.0 0.0 0.050000000000000044 0.0 0.0 0.0 0.0 0.0 0.050000000000000044 0.0 
0.0 0.0 0.0 0.0 0.0 0.0 0.09999999999999998 0.0 0.0 0.0 0.09999999999999998 0.0 0.0 0.0 0.0 0.0 0.0 0.0 0.0 0.0 0.0 0.0 0.0 0.88 0.0 0.0 0.09999999999999998 0.0 0.0 0.0 0.0 0.0 0.0 0.0 0.0 0.0 0.0 0.8333333333333333 
0.0 0.0 0.0 0.0 0.0 0.0 0.0 0.0 0.503800217155266 0.0 0.3983927785116689 0.0 0.050000000000000044 0.0 0.0 0.0 0.0 0.0 0.09999999999999998 0.449945295404814 0.0 0.0 0.0 0.0 0.0 0.0 0.0 0.0 0.0 0.0 0.0 0.050000000000000044 0.0 0.0 0.0 0.0 0.0 0.0 
0.0 0.36808940672928303 0.0 0.0 0.0 0.0 0.0 0.0 0.0 0.0 0.0 0.0 0.0 0.0 0.0 0.0 0.0 0.0 0.0 0.0 0.0 0.0 0.691529936226859 0.2555432372505544 0.0 0.0 0.0 0.0 0.3204045058883769 0.0 0.0 0.0 0.0 0.0 0.0 0.27591857857512503 0.0 0.2108118361153264 
0.0 0.09999999999999998 0.0 0.0 0.9608695652173913 0.050000000000000044 0.0 0.0 0.0 0.0 0.0 0.4910498306724722 0.0 0.050000000000000044 0.0 0.09999999999999998 0.0 0.0 0.0 0.0 0.0 0.0 0.0 0.0 0.0 0.0 0.0 0.0 0.0 0.0 0.43872440944881885 0.0 0.0 0.0 0.0 0.0 0.050000000000000044 0.0 
0.0 0.09999999999999998 0.0 0.0 0.8935483870967742 0.050000000000000044 0.3087378640776699 0.0 0.0 0.0 0.0 0.3307003221393584 0.0 0.050000000000000044 0.0 0.09999999999999998 0.0 0.0 0.0 0.0 0.0 0.0 0.0 0.2448051948051948 0.0 0.0 0.0 0.0 0.0 0.0 0.3875494071146246 0.0 0.0 0.0 0.0 0.2648221343873518 0.050000000000000044 0.20105820105820105 
0.0 0.050000000000000044 0.0 0.0 0.050000000000000044 0.050000000000000044 0.0 0.0 0.0 0.0 0.0 0.0 0.0 0.95 0.0 0.050000000000000044 0.0 0.0 0.0 0.0 0.0 0.0 0.0 0.0 0.0 0.0 0.0 0.0 0.0 0.0 0.050000000000000044 0.0 0.0 0.0 0.0 0.0 0.050000000000000044 0.0 
0.0 0.09999999999999998 0.0 0.0 0.95 0.050000000000000044 0.0 0.0 0.0 0.0 0.0 0.391883911246098 0.0 0.050000000000000044 0.0 0.09999999999999998 0.0 0.0 0.0 0.0 0.0 0.0 0.0 0.0 0.0 0.0 0.0 0.0 0.0 0.0 0.4296743402582819 0.0 0.0 0.0 0.0 0.0 0.050000000000000044 0.0 
0.09999999999999998 0.0 0.0 0.0 0.0 0.0 0.0 0.050000000000000044 0.0 0.0 0.2176560294987937 0.0 0.0 0.0 0.0 0.0 0.0 0.0 0.0 0.0 0.3718133718133718 0.0 0.0 0.0 0.0 0.4130559540889527 0.0 0.050000000000000044 0.0 0.0 0.0 0.0 0.0 0.0 0.0 0.0 0.0 0.0 
0.0 0.0 0.0 0.0 0.0 0.0 0.0 0.0 0.0 0.0 0.18802541077569734 0.0 0.0 0.0 0.0 0.0 0.0 0.0 0.0 0.0 0.3342601173926476 0.0 0.0 0.0 0.0 0.30179934569247546 0.0 0.0 0.0 0.0 0.0 0.0 0.0 0.0 0.0 0.0 0.0 0.0 
0.0 0.09999999999999998 0.0 0.0 0.09999999999999998 0.050000000000000044 0.0 0.0 0.0 0.0 0.0 0.0 0.0 0.7847826086956522 0.0 0.09999999999999998 0.0 0.0 0.0 0.0 0.0 0.0 0.0 0.0 0.0 0.0 0.0 0.0 0.0 0.0 0.09999999999999998 0.0 0.0 0.0 0.0 0.0 0.050000000000000044 0.0 
0.0 0.0 0.0 0.0 0.0 0.0 0.4936257967754031 0.0 0.0 0.0 0.3648978542978285 0.0 0.0 0.0 0.0 0.0 0.0 0.0 0.0 0.27591857857512503 0.0 0.0 1.0 0.0 0.0 0.0 0.0 0.0 0.0 0.0 0.43410852713178294 0.0 0.0 0.3049886621315192 0.0 0.0 0.0 0.0 
0.0 0.09999999999999998 0.0 0.0 1.0 0.050000000000000044 0.0 0.0 0.0 0.0 0.0 0.4554664415365133 0.0 0.050000000000000044 0.0 0.09999999999999998 0.0 0.0 0.0 0.0 0.0 0.0 0.0 0.0 0.0 0.0 0.0 0.0 0.0 0.0 0.4748359887535145 0.0 0.0 0.0 0.0 0.0 0.050000000000000044 0.0 
0.0 0.0 0.4211670480549199 0.0 0.0 0.0 0.09999999999999998 0.0 0.0 0.0 0.3472014840442482 0.0 0.0 0.0 0.35353604843148045 0.0 0.0 0.0 0.0 0.0 0.0 0.8157894736842105 0.0 0.09999999999999998 0.0 0.0 0.9099999999999999 0.0 0.0 0.0 0.0 0.0 0.0 0.0 0.0 0.0 0.0 0.09999999999999998 
0.0 0.0 0.0 0.0 0.0 0.0 0.0 0.0 0.0 0.0 0.0 0.30281514698555045 0.0 0.0 0.0 0.0 0.0 0.0 0.0 0.0 0.0 0.0 0.0 0.0 0.0 0.0 0.0 0.0 0.0 0.0 0.0 0.0 0.0 0.0 0.0 0.0 0.0 0.0 
0.0 0.0 0.0 0.0 0.6730769230769231 0.0 0.09999999999999998 0.0 0.0 0.0 0.09999999999999998 0.37007389162561577 0.0 0.0 0.0 0.0 0.0 0.0 0.0 0.0 0.0 0.0 0.0 0.6291603053435115 0.0 0.0 0.09999999999999998 0.0 0.0 0.0 0.0 0.0 0.0 0.0 0.0 0.0 0.0 0.5640883420734167 
0.050000000000000044 0.39058238408471047 0.0 0.0 0.0 0.0 0.0 0.050000000000000044 0.0 0.0 0.0 0.0 0.0 0.0 0.0 0.0 0.0 0.0 0.0 0.0 0.0 0.0 0.0 0.0 0.0 0.050000000000000044 0.0 0.050000000000000044 0.3422222222222222 0.0 0.0 0.0 0.0 0.0 0.0 0.0 0.0 0.0 
0.0 0.0 0.050000000000000044 0.050000000000000044 0.29154163540885214 0.0 0.4005841548010223 0.0 0.0 0.0 0.2208883266903744 0.050000000000000044 0.0 0.0 0.050000000000000044 0.3560968320382547 0.0 0.0 0.5080597014925373 0.0 0.0 0.0 0.3443391570427401 0.0 0.0 0.0 0.0 0.0 0.0 0.0 0.8636363636363636 0.0 0.0 0.6761114950472241 0.050000000000000044 0.0 0.0 0.0 
0.0 0.09999999999999998 0.0 0.0 0.412509377344336 0.050000000000000044 0.4005841548010223 0.0 0.0 0.0 0.2208883266903744 0.0 0.0 0.050000000000000044 0.29154163540885214 0.4346682606096832 0.0 0.0 0.5080597014925373 0.0 0.0 0.7222222222222222 0.3443391570427401 0.0 0.0 0.0 0.0 0.0 0.0 0.0 0.9181818181818182 0.0 0.0 0.2365125240847784 0.0 0.0 0.050000000000000044 0.0 
0.0 0.0 0.0 0.0 0.30301909131271276 0.0 0.4150321124804721 0.0 0.0 0.0 0.23242018537590114 0.2650729252259655 0.0 0.0 0.0 0.36808940672928303 0.0 0.0 0.5199375450396349 0.0 0.0 0.0 0.35827413532083385 0.0 0.050000000000000044 0.0 0.0 0.0 0.0 0.0 0.8870967741935484 0.0 0.0 0.2470839081901417 0.0 0.050000000000000044 0.0 0.0 
0.0 0.0 0.0 0.0 0.0 0.0 0.0 0.0 0.2650729252259655 0.0 0.17735565425350197 0.3444513715710724 0.050000000000000044 0.5784865540963102 0.30301909131271276 0.0 0.0 0.0 0.09999999999999998 0.22080523076016856 0.0 0.0 0.0 0.0 0.7962962962962963 0.0 0.0 0.0 0.0 0.0 0.0 0.050000000000000044 0.0 0.0 0.0 0.35827413532083385 0.0 0.0 
0.0 0.0 0.0 0.0 0.0 0.0 0.0 0.0 0.0 0.0 0.0 0.0 0.0 0.0 0.0 0.0 0.0 0.0 0.0 0.0 0.0 0.0 0.8434389140271493 0.0 0.0 0.0 0.0 0.0 0.0 0.0 0.0 0.0 0.0 0.0 0.0 0.0 0.0 0.0 
0.0 0.0 0.0 0.0 0.0 0.0 0.0 0.0 0.37007389162561577 0.0 0.254224030037547 0.0 0.0 0.0 0.0 0.0 0.0 0.0 0.0 0.3118663594470046 0.0 0.0 0.0 0.0 0.0 0.0 0.0 0.0 0.0 0.050000000000000044 0.0 0.0 0.0 0.0 0.0 0.0 0.0 0.0 
0.0 0.050000000000000044 0.0 0.0 0.050000000000000044 0.09999999999999998 0.40751628793897976 0.0 0.0 0.0 0.6408541693288466 0.0 0.0 0.050000000000000044 0.0 0.050000000000000044 0.0 0.0 0.0 0.21560532984549996 0.0 0.0 0.4279891304347826 0.0 0.0 0.7316871861888713 0.0 0.0 0.0 0.0 0.38852739726027397 0.0 0.0 0.24158473105841527 0.0 0.0 0.050000000000000044 0.0 
0.0 0.0 0.0 0.0 0.0 0.0 0.0 0.0 0.0 0.0 0.0 0.0 0.050000000000000044 0.0 0.0 0.0 0.0 0.0 0.050000000000000044 0.0 0.0 0.0 0.0 0.0 0.0 0.0 0.0 0.0 0.0 0.0 0.0 1.0 0.0 0.0 0.0 0.0 0.0 0.0 
0.0 0.0 0.0 0.0 0.0 0.0 0.0 0.0 0.0 0.0 0.0 0.0 0.0 0.0 0.0 0.0 0.0 0.0 0.0 0.0 0.0 0.0 0.0 0.0 0.0 0.0 0.0 0.0 0.0 0.0 0.0 0.0 0.0 0.0 0.0 0.0 0.0 0.0 
0.0 0.579229797979798 0.0 0.0 0.09999999999999998 0.050000000000000044 0.0 0.0 0.0 0.0 0.0 0.0 0.0 0.050000000000000044 0.0 0.09999999999999998 0.0 0.0 0.0 0.0 0.0 0.0 0.0 0.0 0.0 0.0 0.0 0.0 0.43410852713178294 0.0 0.09999999999999998 0.0 0.0 0.0 0.0 0.0 0.050000000000000044 0.0 
0.050000000000000044 0.0 0.0 0.43401413982717985 0.0 0.2966333030027297 0.4936257967754031 0.050000000000000044 0.0 0.0 0.5532520543530801 0.0 0.0 0.0 0.0 0.0 0.0 0.0 0.0 0.5109641174338528 0.0 0.0 0.525497512437811 0.31428972487366647 0.0 0.050000000000000044 0.0 0.050000000000000044 0.0 0.5168961201501877 0.43410852713178294 0.0 0.0 0.5591787439613527 0.3500609508329947 0.33653846153846145 0.0 0.49242424242424243 
0.0 0.0 0.0 0.0 0.0 0.0 0.0 0.0 0.3938531587933978 0.0 0.0 0.0 1.0 0.0 0.0 0.0 0.0 0.0 0.050000000000000044 0.0 0.0 0.0 0.0 0.0 0.0 0.0 0.0 0.0 0.0 0.0 0.0 0.050000000000000044 0.0 0.0 0.42092791219755554 0.0 0.0 0.0 
0.0 0.0 0.0 0.0 0.0 0.0 0.0 0.0 0.0 0.0 0.0 0.5060499609679938 0.0 0.0 0.43760907504363 0.0 0.0 0.0 0.0 0.0 0.0 0.0 0.0 0.0 1.0 0.0 0.0 0.0 0.0 0.0 0.0 0.0 0.0 0.0 0.0 0.6414285714285715 0.0 0.0 
0.0 0.0 0.0 0.0 0.0 0.0 0.0 0.0 0.0 0.0 0.18243661100803954 0.0 0.0 0.0 0.0 0.0 0.0 0.0 0.0 0.0 0.327020202020202 0.0 0.0 0.0 0.0 0.29480630055342694 0.0 0.0 0.0 0.050000000000000044 0.0 0.0 0.0 0.0 0.0 0.0 0.0 0.0 
0.0 0.0 0.0 0.0 0.29704684317718943 0.0 0.47993008104242807 0.0 0.0 0.0 0.31072423754377887 0.0 0.0 0.0 0.0 0.3618442489410232 0.0 0.0 0.5137434554973822 0.0 0.0 0.0 0.351027397260274 0.5950389794472006 0.0 0.0 0.09999999999999998 0.0 0.0 0.0 0.875 0.0 0.0 0.24158473105841527 0.0 0.0 0.0 0.52892913840381 
0.48193277310924365 0.0 0.0 0.0 0.0 0.0 0.09999999999999998 0.43452380952380953 0.0 0.0 0.2880646802736473 0.0 0.0 0.0 0.33311475409836067 0.0 0.0 0.0 0.0 0.0 0.0 0.0 0.0 0.6400888512798816 0.0 0.3179868458678867 0.09999999999999998 0.0 0.0 0.0 0.0 0.0 0.0 0.0 0.0 0.0 0.0 0.5754491017964072 
0.6818181818181818 0.0 0.0 0.0 0.0 0.0 0.0 1.0 0.0 0.0 0.0 0.0 0.0 0.0 0.5013297872340425 0.0 0.0 0.5013297872340425 0.0 0.0 0.0 0.0 0.0 0.0 0.0 0.050000000000000044 0.0 0.050000000000000044 0.0 0.0 0.0 0.0 0.0 0.0 0.0 0.0 0.0 0.0 
0.0 0.33306155727680387 0.0 0.0 0.26937077483099325 0.0 0.3726336931960834 0.0 0.0 0.0 0.7069941655993983 0.0 0.0 0.0 0.0 0.0 0.0 0.0 0.0 0.19146275149537795 0.2862351190476191 0.0 0.38820146392471244 0.0 0.0 0.7972972972972974 0.0 0.0 0.0 0.0 0.31730504271149074 0.0 0.0 0.21602787456445993 0.0 0.0 0.0 0.0 
0.0 0.09999999999999998 0.0 0.0 0.8935483870967742 0.050000000000000044 0.0 0.0 0.25415957028691216 0.0 0.0 0.3307003221393584 0.4275349948787982 0.050000000000000044 0.0 0.4346682606096832 0.0 0.0 0.5080597014925373 0.0 0.0 0.0 0.0 0.0 0.0 0.0 0.0 0.0 0.0 0.0 0.7589418777943369 0.0 0.0 0.0 0.0 0.0 0.050000000000000044 0.0 
0.09999999999999998 0.3258390258390258 0.0 0.0 0.763157894736842 0.0 0.2791487139313227 0.050000000000000044 0.0 0.0 0.4790224251598547 0.2955475527909641 0.0 0.0 0.0 0.0 0.0 0.26237718028791224 0.0 0.18532865173063606 0.5988277434060567 0.0 0.0 0.0 0.0 0.8256410256410256 0.0 0.050000000000000044 0.0 0.0 0.23655234657039714 0.0 0.0 0.20953689431003286 0.0 0.0 0.0 0.0 
0.0 0.0 0.0 0.0 0.0 0.0 0.09999999999999998 0.0 0.0 0.0 0.09999999999999998 0.0 0.0 0.0 0.0 0.0 0.0 0.0 0.0 0.0 0.0 0.0 0.0 0.7816691505216096 0.0 0.0 0.09999999999999998 0.0 0.0 0.0 0.0 0.0 0.0 0.0 0.0 0.0 0.0 0.7264816810344827 
0.0 0.0 0.0 0.0 0.0 0.0 0.0 0.0 0.5370023419203747 0.0 0.3790541687892681 0.0 0.0 0.0 0.0 0.0 0.0 0.0 0.0 0.47728937728937726 0.050000000000000044 0.050000000000000044 0.0 0.0 0.0 0.0 0.0 0.0 0.0 0.0 0.0 0.0 0.0 0.0 0.0 0.0 0.0 0.0 
