0.6666666666666666 0.0 0.0 0.050000000000000044 0.6785714285714286 0.0 0.6612903225806451 0.0 1.0 0.6724137931034483 0.0 0.0 0.0 0.0 0.7777777777777778 0.0 0.0 0.7777777777777778 0.0 0.0 0.6818181818181818 0.0 0.0 0.0 0.0 0.050000000000000044 0.0 0.7 0.6923076923076923 0.0 1.0 0.050000000000000044 0.0 0.0 0.050000000000000044 0.0 0.6666666666666666 0.6724137931034483 0.0 0.0 0.0 0.050000000000000044 0.0 0.6785714285714286 0.050000000000000044 0.0 0.0 0.6851851851851851 0.6923076923076923 
0.0 0.0 0.0 0.0 0.0 0.0 0.0 0.0 0.0 0.579229797979798 0.3370405484247375 0.0 0.0 0.0 0.0 0.0 0.0 0.0 0.36808940672928303 0.0 0.0 0.0 0.0 0.0 0.0 0.0 0.0 0.0 0.0 0.0 0.0 0.39058238408471047 0.0 0.0 0.3507887013939839 0.0 0.0 0.3412997409936426 0.0 0.0 0.0 0.3507887013939839 0.09999999999999998 0.0 0.09999999999999998 0.09999999999999998 0.0 0.0 0.0 
0.050000000000000044 0.0 0.0 0.0 0.0 0.0 0.0 0.0 0.0 0.0 0.0 0.0 0.0 0.0 0.0 0.050000000000000044 0.0 0.0 0.0 0.050000000000000044 0.050000000000000044 0.0 0.0 0.0 0.050000000000000044 0.0 0.0 0.0 0.0 0.0 0.0 0.0 0.0 0.0 0.0 0.050000000000000044 0.0 0.0 0.0 0.0 0.0 0.0 0.0 0.0 0.0 0.0 0.0 0.0 0.0 
0.71875 0.0 0.0 0.0 0.0 0.0 0.0 0.0 0.0 0.0 0.0 0.7692307692307692 0.0 0.0 0.7592592592592593 0.050000000000000044 0.0 0.0 0.0 0.050000000000000044 0.050000000000000044 0.0 0.0 0.0 0.050000000000000044 0.0 0.0 0.7592592592592593 0.75 0.0 0.5091603053435114 0.0 0.0 0.7692307692307692 0.0 0.050000000000000044 0.71875 0.0 0.0 0.0 0.0 0.0 0.0 0.0 0.0 0.0 0.0 0.0 0.75 
0.0 0.0 0.0 0.0 0.0 0.0 0.0 0.0 0.0 0.09999999999999998 0.0 0.0 0.0 0.0 0.0 0.0 0.0 0.0 0.0 0.0 0.0 0.0 0.0 0.0 0.43019498607242346 0.0 0.0 0.0 0.0 0.0 0.0 0.0 0.0 0.43019498607242346 0.0 0.0 0.0 0.0 0.0 0.0 0.0 0.0 1.0 0.0 0.95 0.95 0.0 0.0 0.0 
0.21242401122295784 0.0 0.0 0.0 0.22017225365194626 0.208916447277262 0.208916447277262 0.0 0.0 0.21616719242902205 0.0 0.23950922579417921 0.0 0.0 0.23409186683522965 0.0 0.0 0.0 0.0 0.0 0.0 0.0 0.0 0.0 0.0 0.0 0.0 0.23409186683522965 0.42895320693828154 0.208916447277262 0.3637459807073955 0.0 0.0 0.23950922579417921 0.0 0.0 0.21242401122295784 0.21616719242902205 0.0 0.0 0.0 0.2966333030027297 0.050000000000000044 0.3637459807073955 0.050000000000000044 0.050000000000000044 0.2966333030027297 0.22446975648075418 0.42895320693828154 
0.0 0.0 0.0 0.0 0.29876474926253693 0.3726336931960834 0.3726336931960834 0.0 0.0 0.0 0.0 0.4864606839090435 0.0 0.4584200786490862 0.0 0.0 0.0 0.0 0.0 0.0 0.0 0.0 0.4584200786490862 0.0 0.5194919647485744 0.0 0.0 0.0 0.3726336931960834 0.2862351190476191 0.09999999999999998 0.0 0.4683615058253081 0.5194919647485744 0.0 0.0 0.0 0.0 0.0 0.0 0.09999999999999998 0.0 0.0 0.3726336931960834 0.0 0.0 0.0 0.0 0.0 
0.48279270374696737 0.45717234262125905 0.5370023419203747 0.050000000000000044 0.49355413478670995 0.6875 0.36737204724409445 0.0 0.6818181818181818 0.43410852713178294 0.5794474921630094 0.4918852106620808 0.050000000000000044 0.5861486486486487 1.0 0.43452380952380953 0.30281514698555045 0.8894736842105263 0.3204045058883769 0.050000000000000044 1.0 0.050000000000000044 0.5861486486486487 0.0 0.5398671096345515 0.6685633001422475 0.0 0.8384615384615385 0.3905228758169934 0.30401162970523643 0.6818181818181818 0.3422222222222222 0.600990099009901 0.600990099009901 0.600990099009901 1.0 0.48279270374696737 0.37564102564102564 0.0 0.3718133718133718 0.0 0.6685633001422475 0.4554664415365133 0.6875 0.391883911246098 0.391883911246098 0.6685633001422475 0.3851802403204272 0.3905228758169934 
0.3718133718133718 0.3938531587933978 0.5370023419203747 0.0 0.0 0.0 0.0 0.0 0.0 0.0 0.0 0.4918852106620808 0.050000000000000044 0.4504686137750654 0.050000000000000044 0.0 0.0 0.050000000000000044 0.0 0.0 0.4360663738408981 0.0 0.4504686137750654 0.0 0.5398671096345515 0.0 0.0 0.050000000000000044 0.24931201942533388 0.30401162970523643 0.5370023419203747 0.0 0.46524300441826216 0.5398671096345515 0.0 0.050000000000000044 0.0 0.0 0.0 0.3718133718133718 0.0 0.4360663738408981 0.0 0.30401162970523643 0.0 0.0 0.0 0.24931201942533388 0.0 
0.0 0.0 0.0 0.0 0.0 0.0 0.0 0.0 0.0 0.0 0.5794474921630094 0.0 0.0 0.5861486486486487 0.0 0.0 0.0 0.0 0.0 0.0 0.0 0.050000000000000044 0.5861486486486487 0.0 0.0 0.0 0.0 0.0 0.0 0.0 0.0 0.0 0.600990099009901 0.600990099009901 0.600990099009901 0.0 0.0 0.0 0.0 0.0 0.0 0.600990099009901 0.0 0.0 0.050000000000000044 0.0 0.0 0.0 0.0 
0.18802541077569734 0.29050736497545016 0.3790541687892681 0.18802541077569734 0.16085580929110677 0.24475447412501095 0.24475447412501095 0.0 0.0 0.0 0.0 0.815871743486974 0.0 0.6648251748251748 0.3774281198155478 0.0 0.0 0.284555081831935 0.0 0.0 0.29050736497545016 0.2533273896707635 0.6648251748251748 0.0 0.786565921751937 0.0 0.0 0.3774281198155478 0.24475447412501095 0.33287822812371726 0.3790541687892681 0.0 0.6837029963859645 0.815871743486974 0.0 0.0 0.15429738138449567 0.0 0.0 0.0 0.09999999999999998 0.0 0.0 0.33287822812371726 0.2533273896707635 0.0 0.0 0.164504716981132 0.16844300278035218 
0.050000000000000044 0.0 0.0 0.0 0.0 0.0 0.0 0.0 0.0 0.0 0.0 0.0 0.0 0.0 0.0 0.050000000000000044 0.30281514698555045 0.0 0.0 0.050000000000000044 0.4561670480549199 0.0 0.0 0.0 0.050000000000000044 0.0 0.0 0.0 0.0 0.0 0.0 0.0 0.0 0.0 0.0 0.4561670480549199 0.0 0.0 0.0 0.0 0.0 0.0 0.4554664415365133 0.0 0.391883911246098 0.391883911246098 0.0 0.0 0.0 
0.45717234262125905 0.0 0.0 0.0 0.0 0.0 0.0 0.0 0.0 0.0 0.0 0.0 0.0 0.0 0.0 0.0 0.0 0.0 0.0 0.0 0.42092791219755554 0.0 0.0 0.0 0.0 0.0 0.0 0.0 0.0 0.0 0.0 0.0 0.0 0.0 0.0 0.0 0.0 0.0 0.0 0.45717234262125905 0.0 0.42092791219755554 0.0 0.0 0.0 0.0 0.0 0.0 0.0 
0.0 0.0 0.0 0.0 0.0 0.0 0.0 0.0 0.0 0.050000000000000044 0.0 0.0 0.0 0.0 0.0 0.0 0.0 0.0 0.0 0.0 0.0 0.0 0.0 0.0 0.0 0.6685633001422475 0.0 0.0 0.0 0.0 0.0 0.0 0.0 0.0 0.0 0.0 0.0 0.0 0.0 0.0 0.0 0.6685633001422475 0.050000000000000044 0.0 0.050000000000000044 0.050000000000000044 0.6685633001422475 0.0 0.0 
0.6397622987814051 0.0 0.0 0.5808340474150242 0.446969696969697 0.26937077483099325 0.4288888888888889 0.0 0.8333333333333333 0.5168961201501877 0.0 0.0 0.0 0.0 0.7999333666500084 0.6332566371681416 0.0 0.7999333666500084 0.0 0.050000000000000044 0.5013297872340425 0.0 0.0 0.6072566371681416 0.050000000000000044 0.0 0.0 0.6978593272171254 0.5401741539679398 0.0 0.8333333333333333 0.0 0.0 0.0 0.0 0.5013297872340425 0.5101382488479262 0.5168961201501877 0.6397622987814051 0.0 0.0 0.0 0.0 0.446969696969697 0.0 0.0 0.0 0.45386904761904767 0.5401741539679398 
0.0 0.0 0.0 0.0 0.0 0.0 0.0 0.0 0.0 0.09999999999999998 0.0 0.0 0.0 0.0 0.0 0.0 0.0 0.0 0.0 0.0 0.0 0.0 0.0 0.0 0.0 0.0 0.0 0.0 0.0 0.0 0.0 0.0 0.0 0.0 0.0 0.0 0.0 0.0 0.0 0.0 0.0 0.0 0.09999999999999998 0.0 0.09999999999999998 0.09999999999999998 0.0 0.0 0.0 
0.050000000000000044 0.0 0.0 0.0 0.0 0.0 0.050000000000000044 0.0 0.0 0.050000000000000044 0.0 0.0 0.0 0.0 0.0 0.0 0.0 0.0 0.0 0.0 0.0 0.0 0.0 0.050000000000000044 0.0 0.0 0.0 0.0 0.050000000000000044 0.0 0.0 0.0 0.0 0.0 0.0 0.0 0.050000000000000044 0.050000000000000044 0.0 0.0 0.0 0.0 0.0 0.0 0.0 0.0 0.0 0.050000000000000044 0.050000000000000044 
0.43019498607242346 0.0 0.0 0.0 0.2817218117571475 0.0 0.0 0.0 0.0 0.0 0.0 0.0 0.0 0.0 0.29704684317718943 0.43019498607242346 0.0 0.0 0.0 0.0 0.5013297872340425 0.0 0.0 0.0 0.0 0.0 0.0 0.29704684317718943 0.0 0.0 0.0 0.0 0.0 0.0 0.0 0.0 0.27321428571428574 0.0 0.0 0.0 0.0 0.0 0.0 0.2817218117571475 0.0 0.0 0.0 0.0 0.0 
0.0 0.0 0.0 0.0 0.0 0.0 0.0 0.0 0.0 0.0 0.0 0.0 0.0 0.0 0.0 0.0 0.0 0.0 0.0 0.0 0.0 0.0 0.0 0.0 0.0 0.0 0.0 0.0 0.0 0.0 0.0 0.0 0.0 0.0 0.0 0.0 0.0 0.0 0.0 0.0 0.0 0.0 0.0 0.0 0.0 0.0 0.0 0.0 0.0 
0.2365125240847784 0.3415693321353699 0.47728937728937726 0.23267585055312046 0.6566005176876617 0.24475447412501095 0.24475447412501095 0.0 0.0 0.2555432372505544 0.2276159175697282 0.815871743486974 0.050000000000000044 0.6648251748251748 0.3774281198155478 0.050000000000000044 0.0 0.284555081831935 0.2555432372505544 0.050000000000000044 0.3415693321353699 0.2533273896707635 0.6648251748251748 0.2365125240847784 0.786565921751937 0.0 0.0 0.3774281198155478 0.42895320693828154 0.6296167247386759 0.88 0.0 0.6837029963859645 0.815871743486974 0.0 0.050000000000000044 0.2276159175697282 0.21616719242902205 0.0 0.0 0.88 0.2966333030027297 0.050000000000000044 0.6566005176876617 0.2533273896707635 0.050000000000000044 0.2966333030027297 0.22446975648075418 0.42895320693828154 
0.0 0.45717234262125905 0.050000000000000044 0.0 0.29876474926253693 0.0 0.2862351190476191 0.0 0.0 0.0 0.0 0.3204045058883769 0.050000000000000044 0.29429892141756553 0.050000000000000044 0.0 0.0 0.050000000000000044 0.0 0.0 0.45717234262125905 0.0 0.29429892141756553 0.0 0.351027397260274 0.0 0.0 0.050000000000000044 0.2862351190476191 0.2862351190476191 0.050000000000000044 0.0 0.3035643170051773 0.351027397260274 0.0 0.050000000000000044 0.0 0.0 0.0 0.0 0.0 0.0 0.0 0.29876474926253693 0.0 0.0 0.0 0.0 0.0 
0.0 0.0 0.050000000000000044 0.0 0.0 0.6875 0.0 0.0 0.0 0.0 0.0 0.0 0.050000000000000044 0.0 1.0 0.0 0.0 0.8894736842105263 0.0 0.0 0.0 0.0 0.0 0.0 0.0 0.0 0.0 0.8384615384615385 0.050000000000000044 0.0 0.050000000000000044 0.0 0.0 0.0 0.0 1.0 0.0 0.0 0.0 0.0 0.0 0.0 0.0 0.6875 0.0 0.0 0.0 0.0 0.0 
0.43019498607242346 0.0 0.0 0.28907701837703903 0.2817218117571475 0.38820146392471244 0.38820146392471244 0.0 0.0 0.691529936226859 0.6530284921155107 0.4365196803788103 0.0 0.3996802557953637 0.29704684317718943 0.43019498607242346 0.0 0.0 0.691529936226859 0.0 0.9046621267679413 0.0 0.3996802557953637 0.0 0.4793028322440087 0.0 0.0 0.29704684317718943 0.38820146392471244 0.2433442555805857 0.0 0.39058238408471047 0.41280685502547476 0.4793028322440087 0.3507887013939839 0.0 0.27321428571428574 0.3412997409936426 0.0 0.0 0.0 0.9046621267679413 0.09999999999999998 0.38820146392471244 0.09999999999999998 0.09999999999999998 0.0 0.0 0.0 
0.2276159175697282 0.0 0.0 0.0 0.0 0.0 0.0 0.0 0.0 0.2555432372505544 0.2276159175697282 0.3373614190687362 0.0 0.09999999999999998 0.24995743594109143 0.0 0.0 0.0 0.2555432372505544 0.0 0.0 0.0 0.09999999999999998 0.0 0.09999999999999998 0.0 0.0 0.24995743594109143 0.2448051948051948 0.0 0.88 0.0 0.09999999999999998 0.3373614190687362 0.0 0.0 0.2276159175697282 0.0 0.0 0.0 0.88 0.2276159175697282 0.0 0.0 0.0 0.0 0.0 0.0 0.2448051948051948 
0.0 0.0 0.0 0.0 0.0 0.0 0.0 0.050000000000000044 0.0 0.0 0.0 0.0 0.0 0.0 0.0 0.0 0.0 0.0 0.0 0.0 0.0 0.0 0.0 0.0 0.0 0.0 0.0 0.0 0.0 0.0 0.0 0.0 0.0 0.0 0.0 0.0 0.0 0.0 0.0 0.0 0.0 0.050000000000000044 0.0 0.0 0.0 0.0 0.0 0.0 0.0 
0.71875 0.0 0.0 0.050000000000000044 0.0 0.0 0.0 0.0 0.09999999999999998 0.050000000000000044 0.6935483870967742 0.7692307692307692 0.0 0.7 0.7592592592592593 0.050000000000000044 0.0 0.0 0.0 0.050000000000000044 0.050000000000000044 0.050000000000000044 0.7 0.0 0.5087681549220011 0.050000000000000044 0.0 0.7592592592592593 0.75 0.0 0.5091603053435114 0.050000000000000044 0.7142857142857143 0.7692307692307692 0.7142857142857143 0.050000000000000044 0.71875 0.0 0.0 0.0 0.09999999999999998 0.7142857142857143 0.0 0.0 0.050000000000000044 0.0 0.0 0.0 0.75 
0.0 0.0 0.0 0.0 0.0 0.0 0.0 0.0 0.0 0.0 0.0 0.48347402211389845 0.0 0.46226748292912645 0.0 0.0 0.0 0.0 0.0 0.0 0.0 0.0 0.46226748292912645 0.0 0.5087681549220011 0.0 0.0 0.0 0.0 0.0 0.09999999999999998 0.0 0.46975421863536315 0.5087681549220011 0.0 0.0 0.0 0.0 0.0 0.0 0.09999999999999998 0.0 0.0 0.0 0.0 0.0 0.0 0.0 0.0 
0.4562818336162988 0.5453667953667953 0.0 0.4539766702014847 0.0 0.0 0.0 0.661624649859944 0.050000000000000044 0.050000000000000044 0.0 0.0 0.0 0.0 0.0 0.43452380952380953 0.0 0.0 0.0 0.0 0.5453667953667953 0.0 0.0 0.43452380952380953 0.0 0.050000000000000044 0.0 0.0 0.0 0.0 0.050000000000000044 0.050000000000000044 0.0 0.0 0.050000000000000044 0.0 0.3713643574828134 0.0 0.4562818336162988 0.0 0.0 0.661624649859944 0.0 0.0 0.050000000000000044 0.0 0.0 0.0 0.0 
0.0 0.0 0.0 0.0 0.0 0.0 0.0 0.0 0.0 0.43410852713178294 0.2901323130878368 0.0 0.0 0.0 0.0 0.0 0.0 0.0 0.3204045058883769 0.0 0.0 0.0 0.0 0.0 0.0 0.0 0.0 0.0 0.0 0.0 0.0 0.3422222222222222 0.0 0.0 0.3035643170051773 0.0 0.0 0.29429892141756553 0.0 0.0 0.0 0.3035643170051773 0.0 0.0 0.0 0.0 0.0 0.0 0.0 
0.4187808896210873 0.3415693321353699 0.47728937728937726 0.23267585055312046 0.0 0.19146275149537795 0.19146275149537795 0.050000000000000044 0.0 0.27591857857512503 0.24707298391508914 0.6369896704377767 0.050000000000000044 0.4290601752179566 0.44365145228215763 0.050000000000000044 0.0 0.050000000000000044 0.27591857857512503 0.050000000000000044 0.3415693321353699 0.0 0.4290601752179566 0.0 0.5250232723081697 0.0 0.0 0.44365145228215763 0.4378698224852071 0.2504967641965181 0.5934065934065934 0.0 0.44482809285924185 0.6369896704377767 0.0 0.050000000000000044 0.4187808896210873 0.0 0.0 0.050000000000000044 0.0 0.24707298391508914 0.0 0.2504967641965181 0.0 0.0 0.0 0.2063753649119503 0.4378698224852071 
0.6666666666666666 0.5453667953667953 0.0 0.5808340474150242 0.6785714285714286 0.31730504271149074 0.6612903225806451 0.661624649859944 1.0 0.6724137931034483 0.0 0.35827413532083385 0.0 0.327020202020202 0.7999333666500084 0.6332566371681416 0.0 0.7999333666500084 0.0 0.050000000000000044 0.6818181818181818 0.0 0.327020202020202 0.6072566371681416 0.39469192694999156 0.050000000000000044 0.0 0.7 0.6923076923076923 0.2433442555805857 1.0 0.050000000000000044 0.33814395323346735 0.39469192694999156 0.050000000000000044 0.5013297872340425 0.6666666666666666 0.6724137931034483 0.6397622987814051 0.0 0.0 0.661624649859944 0.4748359887535145 0.6785714285714286 0.4296743402582819 0.4296743402582819 0.0 0.6851851851851851 0.6923076923076923 
0.0 0.0 0.0 0.0 0.0 0.0 0.0 0.0 0.0 0.0 0.0 0.0 0.0 0.0 0.0 0.0 0.0 0.0 0.0 0.0 0.0 0.0 0.0 0.0 0.0 0.0 0.0 0.0 0.0 0.0 0.0 0.0 0.0 0.0 0.0 0.0 0.0 0.0 0.0 0.0 0.0 0.0 0.0 0.0 0.0 0.0 0.0 0.0 0.0 
0.0 0.0 0.0 0.0 0.0 0.0 0.0 0.0 0.0 0.0 0.6935483870967742 0.0 0.0 0.7 0.0 0.0 0.0 0.0 0.0 0.0 0.0 0.050000000000000044 0.7 0.0 0.0 0.0 0.0 0.0 0.0 0.0 0.0 0.0 0.7142857142857143 0.7142857142857143 0.7142857142857143 0.0 0.0 0.0 0.0 0.0 0.0 0.7142857142857143 0.0 0.0 0.050000000000000044 0.0 0.0 0.0 0.0 
0.2195880452342488 0.0 0.0 0.0 0.6566005176876617 0.21602787456445993 0.21602787456445993 0.0 0.0 0.0 0.0 0.46028433546367553 0.0 0.22338772338772328 0.24158473105841527 0.050000000000000044 0.0 0.0 0.0 0.050000000000000044 0.050000000000000044 0.0 0.22338772338772328 0.0 0.27479674796747966 0.0 0.0 0.24158473105841527 0.2365125240847784 0.6296167247386759 0.372702823845809 0.0 0.2318163751987281 0.46028433546367553 0.0 0.050000000000000044 0.2195880452342488 0.0 0.0 0.0 0.0 0.0 0.0 0.6566005176876617 0.0 0.0 0.0 0.0 0.2365125240847784 
0.2590886760009825 0.0 0.0 0.0 0.29876474926253693 0.3726336931960834 0.3726336931960834 0.0 0.0 0.050000000000000044 0.0 0.4864606839090435 0.0 0.4584200786490862 0.2825412915151154 0.050000000000000044 0.0 0.0 0.0 0.050000000000000044 0.050000000000000044 0.0 0.4584200786490862 0.050000000000000044 0.5194919647485744 0.0 0.0 0.2825412915151154 0.3726336931960834 0.2862351190476191 0.42092791219755554 0.0 0.4683615058253081 0.5194919647485744 0.0 0.050000000000000044 0.2590886760009825 0.050000000000000044 0.0 0.0 0.09999999999999998 0.0 0.0 0.3726336931960834 0.0 0.0 0.0 0.050000000000000044 0.277127308707124 
0.45717234262125905 0.0 0.0 0.0 0.0 0.0 0.0 0.050000000000000044 0.0 0.27591857857512503 0.24707298391508914 0.27591857857512503 0.0 0.0 0.2701459390862945 0.0 0.0 0.0 0.27591857857512503 0.0 0.42092791219755554 0.0 0.0 0.0 0.43019498607242346 0.0 0.0 0.2701459390862945 0.2648221343873518 0.0 0.40649350649350646 0.0 0.0 0.43019498607242346 0.0 0.0 0.24707298391508914 0.0 0.0 0.45717234262125905 0.0 0.42092791219755554 1.0 0.0 0.95 0.95 0.0 0.0 0.2648221343873518 
0.0 0.0 0.0 0.0 0.0 0.0 0.0 0.0 0.0 0.050000000000000044 0.0 0.0 0.0 0.0 0.0 0.0 0.0 0.0 0.0 0.0 0.0 0.0 0.0 0.0 0.0 0.0 0.0 0.0 0.0 0.0 0.0 0.0 0.0 0.0 0.0 0.0 0.0 0.0 0.0 0.0 0.0 0.0 0.050000000000000044 0.0 0.050000000000000044 0.050000000000000044 0.0 0.0 0.0 
0.2365125240847784 0.0 0.0 0.0 0.0 0.0 0.0 0.0 0.0 0.2108118361153264 0.1854705558613099 0.29581183611532635 0.0 0.09999999999999998 0.2057355732058761 0.0 0.0 0.0 0.2108118361153264 0.0 0.0 0.0 0.09999999999999998 0.2365125240847784 0.09999999999999998 0.0 0.0 0.2057355732058761 0.20105820105820105 0.0 0.8333333333333333 0.0 0.09999999999999998 0.29581183611532635 0.0 0.0 0.1854705558613099 0.0 0.0 0.0 0.8333333333333333 0.1854705558613099 0.0 0.0 0.0 0.0 0.0 0.1967307926458055 0.20105820105820105 
