0.48279270374696737 0.48054635761589404 0.050000000000000044 0.050000000000000044 0.49355413478670995 0.2433442555805857 0.36737204724409445 0.0 0.6818181818181818 0.45717234262125905 0.5411429529076588 0.27591857857512503 0.050000000000000044 0.5478896103896104 0.5130010834236186 0.43452380952380953 0.0 0.4562818336162988 0.3415693321353699 0.050000000000000044 1.0 0.0 0.5478896103896104 0.0 0.3565721256480635 0.525497512437811 0.0 0.5130010834236186 0.3905228758169934 0.38820146392471244 0.6818181818181818 0.3637459807073955 0.5628294328484081 0.5628294328484081 0.5628294328484081 0.050000000000000044 0.48279270374696737 0.37564102564102564 0.0 0.0 0.0 0.5628294328484081 0.94 0.49355413478670995 0.8480730223123732 0.8480730223123732 0.525497512437811 0.3851802403204272 0.3905228758169934 
0.09999999999999998 0.0 0.0 0.0 0.0 0.0 0.0 0.0 0.0 0.2108118361153264 0.1854705558613099 0.0 0.0 0.0 0.0 0.09999999999999998 0.0 0.0 0.2108118361153264 0.050000000000000044 0.050000000000000044 0.0 0.0 0.0 0.3081299056671707 0.0 0.0 0.0 0.0 0.0 0.0 0.0 0.0 0.3081299056671707 0.0 0.050000000000000044 0.0 0.0 0.0 0.0 0.0 0.1854705558613099 0.8225806451612903 0.0 0.6991001124859393 0.6991001124859393 0.0 0.0 0.0 
0.0 0.0 0.0 0.0 0.0 0.0 0.0 0.0 0.0 0.09999999999999998 0.0 0.0 0.0 0.0 0.0 0.0 0.32744680851063834 0.0 0.0 0.37969924812030076 0.4486830154405086 0.37969924812030076 0.0 0.0 0.7142857142857143 0.0 0.0 0.0 0.0 0.0 0.0 0.0 0.0 0.3179868458678867 0.0 0.4486830154405086 0.0 0.0 0.0 0.0 0.0 0.0 0.09999999999999998 0.0 0.37969924812030076 0.09999999999999998 0.0 0.0 0.0 
0.0 0.0 0.0 0.0 0.0 0.0 0.0 0.0 0.0 0.0 0.0 0.0 0.0 0.0 0.0 0.0 0.0 0.0 0.0 0.0 0.0 0.050000000000000044 0.0 0.0 0.0 0.0 0.0 0.0 0.0 0.0 0.48054635761589404 0.0 0.0 0.0 0.0 0.0 0.0 0.0 0.0 0.0 0.0 0.0 0.0 0.0 0.050000000000000044 0.0 0.0 0.0 0.0 
0.2900891704446513 0.3938531587933978 0.30692413951882114 0.2900891704446513 0.5607343374030835 0.41525201424020985 0.4664199639434481 0.3718133718133718 0.5084143605086013 0.557889255337615 0.3594453596924767 0.47331421700120246 0.3087378640776699 0.3745892315470172 0.28544436196774403 0.2365125240847784 0.3749019607843137 0.28544436196774403 0.40494024574987375 0.050000000000000044 0.5344155844155845 0.050000000000000044 0.3745892315470172 0.2365125240847784 0.4067248499961038 0.37477313974591653 0.38609590177534425 0.23409186683522965 0.4664199639434481 0.6487488415199258 0.5084143605086013 0.3275374224169405 0.3380559540889526 0.47331421700120246 0.2842833626293909 0.3749019607843137 0.23669472374152556 0.33044078287052525 0.25415957028691216 0.0 0.050000000000000044 0.37477313974591653 0.3244638992720834 0.6487488415199258 0.38609590177534425 0.2755898366606171 0.2648221343873518 0.2572023602915654 0.2627484495869218 
0.050000000000000044 0.0 0.0 0.0 0.0 0.0 0.0 0.0 0.0 0.0 0.0 0.0 0.0 0.0 0.0 0.050000000000000044 0.0 0.0 0.0 0.050000000000000044 0.050000000000000044 0.0 0.0 0.0 0.050000000000000044 0.0 0.0 0.0 0.0 0.0 0.0 0.0 0.0 0.0 0.0 0.050000000000000044 0.0 0.0 0.0 0.0 0.0 0.0 0.0 0.0 0.0 0.0 0.0 0.0 0.0 
0.37477313974591653 0.0 0.4414935064935065 0.37477313974591653 0.0 0.2433442555805857 0.2433442555805857 0.0 0.0 0.27591857857512503 0.24707298391508914 0.4365196803788103 0.09999999999999998 0.3996802557953637 0.050000000000000044 0.0 0.0 0.050000000000000044 0.27591857857512503 0.0 0.0 0.0 0.3996802557953637 0.0 0.4793028322440087 0.0 0.0 0.050000000000000044 0.2433442555805857 0.2433442555805857 0.4414935064935065 0.0 0.41280685502547476 0.4793028322440087 0.0 0.050000000000000044 0.0 0.0 0.0 0.0 0.0 0.24707298391508914 0.0 0.2433442555805857 0.0 0.0 0.0 0.0 0.0 
0.176919355438949 0.0 0.0 0.176919355438949 0.15055633681198033 0.3122703144140465 0.35223085208912075 0.0 0.0 0.33699972012314583 0.18956660845062157 0.36538229981938586 0.0 0.2822033898305085 0.0 0.050000000000000044 0.3749019607843137 0.0 0.21853600944510043 0.050000000000000044 0.050000000000000044 0.0 0.2822033898305085 0.0 0.3055863854975952 0.0 0.38609590177534425 0.0 0.35223085208912075 0.14137293976003662 0.0 0.23984442523768368 0.2492503748125936 0.36538229981938586 0.20236673923730597 0.3749019607843137 0.0 0.19353233830845773 0.0 0.0 0.0 0.20236673923730597 0.0 0.3122703144140465 0.38609590177534425 0.0 0.0 0.0 0.0 
0.0 0.0 0.0 0.0 0.0 0.0 0.0 0.0 0.0 0.09999999999999998 0.0 0.0 0.0 0.0 0.0 0.0 0.0 0.0 0.0 0.0 0.0 0.0 0.0 0.0 0.0 0.0 0.0 0.0 0.0 0.0 0.0 0.0 0.0 0.0 0.0 0.0 0.0 0.0 0.0 0.0 0.0 0.0 0.09999999999999998 0.0 0.09999999999999998 0.09999999999999998 0.0 0.0 0.0 
0.3146428571428571 0.0 0.0 0.0 0.0 0.0 0.050000000000000044 0.0 0.0 0.050000000000000044 0.0 0.3204045058883769 0.0 0.0 0.31433262960356556 0.050000000000000044 0.4421157684630739 0.0 0.0 0.050000000000000044 0.5937846836847946 0.3244638992720834 0.0 0.09999999999999998 0.050000000000000044 0.0 0.0 0.31433262960356556 0.3318642160540135 0.0 0.45717234262125905 0.0 0.22446975648075418 0.3204045058883769 0.0 0.5937846836847946 0.3146428571428571 0.050000000000000044 0.0 0.0 0.0 0.0 0.0 0.0 0.3244638992720834 0.0 0.0 0.050000000000000044 0.3318642160540135 
0.22733554005848888 0.0 0.050000000000000044 0.22733554005848888 0.19728716140472458 0.29987212276214825 0.29987212276214825 0.0 0.0 0.4630609863684225 0.41200851142566386 0.3444213444213444 0.09999999999999998 0.3104448742746615 0.050000000000000044 0.0 0.0 0.050000000000000044 0.4630609863684225 0.0 0.7316871861888713 0.0 0.3104448742746615 0.0 0.3842364532019704 0.0 0.0 0.050000000000000044 0.29987212276214825 0.18663489711379788 0.050000000000000044 0.0 0.32253599114064224 0.3842364532019704 0.0 0.050000000000000044 0.0 0.0 0.0 0.0 0.0 0.7316871861888713 0.0 0.29987212276214825 0.0 0.0 0.0 0.0 0.0 
0.22733554005848888 0.0 0.0 0.22733554005848888 0.0 0.0 0.0 0.0 0.0 0.40494024574987375 0.3594453596924767 0.0 0.0 0.0 0.0 0.0 0.0 0.0 0.40494024574987375 0.0 0.0 0.050000000000000044 0.0 0.0 0.0 0.0 0.0 0.0 0.0 0.0 0.0 0.23409186683522965 0.0 0.0 0.20135524420583994 0.0 0.0 0.19349667964277528 0.0 0.0 0.0 0.3594453596924767 0.0 0.0 0.050000000000000044 0.0 0.0 0.0 0.0 
0.498938884517252 0.0 0.0 0.2860340492188467 0.5152709359605911 0.3246124031007751 0.593254656947819 0.0 0.8363636363636364 0.335519058708175 0.0 0.5557797205409848 0.0 0.335519058708175 0.5444604910253765 0.0 0.0 0.43917851500789884 0.0 0.0 0.4539766702014847 0.0 0.335519058708175 0.0 0.4113520408163265 0.050000000000000044 0.0 0.5444604910253765 0.7406391730830081 0.20252291631301989 0.8363636363636364 0.050000000000000044 0.34798534798534786 0.5557797205409848 0.050000000000000044 0.0 0.498938884517252 0.335519058708175 0.0 0.0 0.0 0.050000000000000044 0.0 0.5152709359605911 0.050000000000000044 0.0 0.0 0.5785444064132589 0.7406391730830081 
0.36349924585218707 0.0 0.0 0.0 0.3755197505197505 0.0 0.35805084745762716 0.050000000000000044 0.763157894736842 0.36930900871811434 0.0 0.0 0.0 0.0 0.47588285960378984 0.0 0.0 0.47588285960378984 0.0 0.0 0.4447761194029851 0.0 0.0 0.0 0.0 0.0 0.0 0.3970588235294117 0.38933601609657953 0.0 0.763157894736842 0.0 0.0 0.0 0.0 0.0 0.36349924585218707 0.36930900871811434 0.0 0.0 0.0 0.050000000000000044 0.0 0.3755197505197505 0.0 0.0 0.0 0.3821774794929158 0.38933601609657953 
0.3275374224169405 0.0 0.3637459807073955 0.3275374224169405 0.0 0.208916447277262 0.208916447277262 0.09999999999999998 0.0 0.23950922579417921 0.21242401122295784 0.38095238095238093 0.0 0.34558823529411764 0.0 0.0 0.0 0.0 0.23950922579417921 0.0 0.0 0.0 0.34558823529411764 0.0 0.4221598877980365 0.0 0.0 0.0 0.208916447277262 0.208916447277262 0.3637459807073955 0.0 0.35818713450292394 0.4221598877980365 0.0 0.0 0.0 0.0 0.0 0.0 0.0 0.21242401122295784 0.0 0.208916447277262 0.0 0.0 0.0 0.0 0.0 
0.0 0.0 0.0 0.0 0.0 0.0 0.0 0.0 0.0 0.0 0.0 0.0 0.0 0.0 0.0 0.0 0.0 0.0 0.0 0.0 0.3179868458678867 0.050000000000000044 0.0 0.0 0.0 0.0 0.0 0.0 0.0 0.0 0.0 0.0 0.0 0.0 0.0 0.0 0.0 0.0 0.0 0.0 0.0 0.3179868458678867 0.0 0.0 0.050000000000000044 0.0 0.0 0.0 0.0 
0.22327645573494526 0.0 0.0 0.19333345178657102 0.0 0.0 0.0 0.27591706539074967 0.0 0.40223285486443383 0.15910421094784832 0.0 0.0 0.0 0.0 0.20656846630421033 0.0 0.0 0.18252192181220317 0.0 0.0 0.0 0.0 0.20656846630421033 0.0 0.0 0.0 0.0 0.0 0.0 0.0 0.19959455545902116 0.0 0.0 0.1694792671166827 0.0 0.15910421094784832 0.1623230110199143 0.22327645573494526 0.0 0.0 0.27591706539074967 0.09999999999999998 0.0 0.09999999999999998 0.09999999999999998 0.0 0.0 0.0 
0.3087378640776699 0.32972564812484273 0.0 0.050000000000000044 0.25205050928928396 0.0 0.18219261909244966 0.0 0.47633136094674555 0.18896882494004796 0.0 0.2108118361153264 0.0 0.18896882494004796 0.26874085955559746 0.2365125240847784 0.0 0.25415957028691216 0.0 0.0 0.8333333333333333 0.0 0.18896882494004796 0.0 0.2365125240847784 0.050000000000000044 0.0 0.26874085955559746 0.20105820105820105 0.0 0.7222222222222222 0.050000000000000044 0.1967307926458055 0.2365125240847784 0.050000000000000044 0.0 0.24276060966817026 0.18896882494004796 0.0 0.3087378640776699 0.7222222222222222 0.277127308707124 0.0 0.25205050928928396 0.050000000000000044 0.0 0.0 0.1967307926458055 0.20105820105820105 
0.0 0.0 0.0 0.0 0.0 0.0 0.0 0.0 0.0 0.288412852969815 0.2590886760009825 0.0 0.0 0.0 0.0 0.0 0.0 0.0 0.288412852969815 0.0 0.0 0.0 0.0 0.0 0.0 0.0 0.0 0.0 0.0 0.0 0.0 0.0 0.0 0.0 0.0 0.0 0.0 0.0 0.0 0.0 0.0 0.2590886760009825 0.050000000000000044 0.0 0.050000000000000044 0.050000000000000044 0.0 0.0 0.0 
0.0 0.0 0.0 0.0 0.0 0.0 0.0 0.0 0.0 0.0 0.0 0.09999999999999998 0.0 0.09999999999999998 0.0 0.0 0.0 0.0 0.0 0.0 0.0 0.0 0.09999999999999998 0.0 0.09999999999999998 0.0 0.0 0.0 0.0 0.0 0.925 0.0 0.09999999999999998 0.09999999999999998 0.0 0.0 0.0 0.0 0.0 0.0 0.925 0.0 0.0 0.0 0.0 0.0 0.0 0.0 0.0 
0.37272165585418604 0.0 0.050000000000000044 0.37272165585418604 0.0 0.6875 0.0 0.43410852713178294 0.050000000000000044 0.09999999999999998 0.0 0.3204045058883769 0.050000000000000044 0.0 1.0 0.351027397260274 0.0 0.8894736842105263 0.0 0.0 0.050000000000000044 0.0 0.0 0.351027397260274 0.0 0.09999999999999998 0.0 0.8384615384615385 0.3941679574382113 0.0 0.45717234262125905 0.09999999999999998 0.0 0.3204045058883769 0.09999999999999998 1.0 0.2901323130878368 0.0 0.3718133718133718 0.0 0.0 0.43410852713178294 0.0 0.6875 0.050000000000000044 0.0 0.0 0.3941679574382113 0.3087378640776699 
0.0 0.0 0.0 0.0 0.0 0.0 0.0 0.0 0.0 0.0 0.0 0.09999999999999998 0.0 0.09999999999999998 0.0 0.0 0.0 0.0 0.0 0.0 0.0 0.0 0.09999999999999998 0.0 0.09999999999999998 0.0 0.0 0.0 0.0 0.0 0.9571428571428571 0.0 0.09999999999999998 0.09999999999999998 0.0 0.0 0.0 0.0 0.0 0.0 0.9571428571428571 0.0 0.0 0.0 0.0 0.0 0.0 0.0 0.0 
0.0 0.0 0.0 0.0 0.29876474926253693 0.3726336931960834 0.3726336931960834 0.0 0.0 0.0 0.0 0.4864606839090435 0.0 0.4584200786490862 0.0 0.0 0.0 0.0 0.0 0.0 0.0 0.0 0.4584200786490862 0.0 0.5194919647485744 0.0 0.0 0.0 0.3726336931960834 0.2862351190476191 0.09999999999999998 0.0 0.4683615058253081 0.5194919647485744 0.0 0.0 0.0 0.0 0.0 0.0 0.09999999999999998 0.0 0.0 0.3726336931960834 0.0 0.0 0.0 0.0 0.0 
0.37272165585418604 0.0 0.0 0.37272165585418604 0.0 0.0 0.0 0.43410852713178294 0.050000000000000044 0.09999999999999998 0.0 0.3204045058883769 0.0 0.0 0.31433262960356556 0.351027397260274 0.0 0.0 0.0 0.0 0.050000000000000044 0.0 0.0 0.351027397260274 0.0 0.09999999999999998 0.0 0.31433262960356556 0.3941679574382113 0.0 0.45717234262125905 0.09999999999999998 0.0 0.3204045058883769 0.09999999999999998 0.0 0.2901323130878368 0.0 0.3718133718133718 0.0 0.0 0.43410852713178294 0.0 0.0 0.050000000000000044 0.0 0.0 0.3941679574382113 0.3087378640776699 
0.20966924802779185 0.0 0.0 0.20966924802779185 0.18089762093207318 0.37279285241561877 0.41935828877005354 0.0 0.0 0.3826625028915105 0.22785906815556412 0.46278110545051476 0.0 0.37403846153846154 0.0 0.0 0.0 0.0 0.25939336257551926 0.0 0.0 0.0 0.37403846153846154 0.0 0.393956043956044 0.0 0.0 0.0 0.41935828877005354 0.17073500967117994 0.050000000000000044 0.2822033898305085 0.3360500251804599 0.46278110545051476 0.24186449719925318 0.0 0.0 0.23220973782771526 0.0 0.0 0.050000000000000044 0.24186449719925318 0.0 0.37279285241561877 0.0 0.0 0.0 0.0 0.0 
0.351027397260274 0.372702823845809 0.0 0.24554617212697338 0.38006322861094644 0.35963061922842554 0.5322841594352111 0.0 0.5169327731092437 0.22338772338772328 0.0 0.4664199639434481 0.0 0.41935828877005354 0.3145581938497469 0.27479674796747966 0.0 0.2936632333184057 0.0 0.0 0.8714285714285714 0.0 0.41935828877005354 0.0 0.5222350137881181 0.050000000000000044 0.0 0.3145581938497469 0.5322841594352111 0.16432526426577587 0.7222222222222222 0.050000000000000044 0.4360663738408981 0.5222350137881181 0.050000000000000044 0.0 0.28665219750406956 0.22338772338772328 0.0 0.351027397260274 0.7222222222222222 0.3179868458678867 0.0 0.38006322861094644 0.050000000000000044 0.0 0.0 0.2318163751987281 0.2365125240847784 
0.4683088650479955 0.0 0.0 0.4683088650479955 0.0 0.0 0.0 0.0 0.0 0.23950922579417921 0.21242401122295784 0.0 0.0 0.0 0.0 0.0 0.0 0.0 0.23950922579417921 0.0 0.0 0.050000000000000044 0.0 0.0 0.0 0.0 0.0 0.0 0.0 0.0 0.0 0.0 0.0 0.0 0.0 0.0 0.0 0.0 0.0 0.0 0.0 0.21242401122295784 0.0 0.0 0.7380952380952381 0.0 0.0 0.0 0.0 
0.2901323130878368 0.3637459807073955 0.0 0.0 0.0 0.0 0.0 0.0 0.0 0.09999999999999998 0.0 0.3204045058883769 0.0 0.0 0.31433262960356556 0.0 0.0 0.0 0.0 0.0 0.3637459807073955 0.050000000000000044 0.0 0.0 0.3464980114891737 0.0 0.0 0.31433262960356556 0.3087378640776699 0.0 0.45717234262125905 0.0 0.0 0.3464980114891737 0.0 0.0 0.2901323130878368 0.0 0.0 0.0 0.0 0.2966333030027297 0.9307692307692308 0.0 0.8347826086956521 0.8347826086956521 0.2966333030027297 0.0 0.3087378640776699 
0.498938884517252 0.0 0.050000000000000044 0.2860340492188467 0.5152709359605911 0.3246124031007751 0.593254656947819 0.050000000000000044 0.8363636363636364 0.712116991643454 0.6603316898251905 0.5557797205409848 0.09999999999999998 0.335519058708175 0.5444604910253765 0.0 0.0 0.43917851500789884 0.712116991643454 0.0 0.8083270392749244 0.35353604843148045 0.335519058708175 0.0 0.4113520408163265 0.050000000000000044 0.0 0.5444604910253765 0.7406391730830081 0.20252291631301989 0.8363636363636364 0.050000000000000044 0.34798534798534786 0.5557797205409848 0.050000000000000044 0.050000000000000044 0.498938884517252 0.335519058708175 0.0 0.0 0.0 0.8083270392749244 0.0 0.5152709359605911 0.35353604843148045 0.0 0.0 0.5785444064132589 0.7406391730830081 
0.050000000000000044 0.0 0.0 0.0 0.0 0.0 0.0 0.0 0.0 0.0 0.0 0.0 0.0 0.0 0.0 0.050000000000000044 0.0 0.0 0.0 0.050000000000000044 0.050000000000000044 0.0 0.0 0.0 0.050000000000000044 0.0 0.0 0.0 0.3244779582366589 0.0 0.0 0.0 0.0 0.0 0.0 0.050000000000000044 0.0 0.0 0.0 0.0 0.0 0.0 0.0 0.0 0.0 0.0 0.0 0.3244779582366589 0.0 
0.20966924802779185 0.0 0.0 0.20966924802779185 0.18089762093207318 0.37279285241561877 0.37279285241561877 0.0 0.0 0.534177654406662 0.22785906815556412 0.31807279174053604 0.0 0.2852620730270907 0.0 0.0 0.0 0.0 0.25939336257551926 0.0 0.0 0.0 0.2852620730270907 0.0 0.35677655677655684 0.0 0.0 0.0 0.37279285241561877 0.17073500967117994 0.0 0.2822033898305085 0.2969195903978512 0.35677655677655684 0.24186449719925318 0.0 0.0 0.23220973782771526 0.0 0.0 0.0 0.24186449719925318 0.09999999999999998 0.37279285241561877 0.09999999999999998 0.09999999999999998 0.0 0.0 0.0 
0.050000000000000044 0.0 0.0 0.0 0.40601503759398494 0.2433442555805857 0.2433442555805857 0.0 0.0 0.0 0.0 0.27591857857512503 0.0 0.25105485232067504 0.0 0.050000000000000044 0.0 0.0 0.0 0.050000000000000044 0.050000000000000044 0.0 0.25105485232067504 0.0 0.3049886621315192 0.525497512437811 0.0 0.0 0.2433442555805857 0.38820146392471244 0.0 0.0 0.2598942802927624 0.3049886621315192 0.0 0.050000000000000044 0.0 0.0 0.0 0.0 0.0 0.525497512437811 0.0 0.40601503759398494 0.0 0.0 0.525497512437811 0.0 0.0 
0.2900891704446513 0.32972564812484273 0.0 0.2900891704446513 0.19271248151097964 0.18219261909244966 0.23855338075485388 0.3087378640776699 0.4378698224852071 0.25331183611532637 0.22894881673087508 0.27524197656647986 0.0 0.24724901750625228 0.25415957028691216 0.0 0.0 0.25415957028691216 0.25331183611532637 0.0 0.3905228758169934 0.0 0.24724901750625228 0.0 0.3081299056671707 0.0 0.0 0.2057355732058761 0.2627484495869218 0.0 0.4378698224852071 0.0 0.2572023602915654 0.3081299056671707 0.0 0.0 0.1854705558613099 0.24724901750625228 0.0 0.0 0.0 0.3087378640776699 0.0 0.19271248151097964 0.0 0.0 0.2648221343873518 0.2572023602915654 0.2627484495869218 
0.0 0.0 0.42092791219755554 0.0 0.0 0.0 0.0 0.0 0.0 0.3094869811807166 0.0 0.288412852969815 0.0 0.2631336405529954 0.0 0.0 0.0 0.0 0.0 0.0 0.0 0.0 0.2631336405529954 0.0 0.3179868458678867 0.3500609508329947 0.0 0.0 0.0 0.2553020442538856 0.42092791219755554 0.3094869811807166 0.27211714460036607 0.3179868458678867 0.27211714460036607 0.0 0.0 0.0 0.0 0.0 0.0 0.3500609508329947 0.0 0.2553020442538856 0.0 0.0 0.0 0.0 0.0 
0.0 0.0 0.0 0.0 0.0 0.0 0.0 0.0 0.0 0.0 0.0 0.0 0.0 0.0 0.0 0.0 0.36082693947144073 0.0 0.0 0.0 0.485479797979798 0.050000000000000044 0.0 0.0 0.0 0.0 0.0 0.0 0.0 0.0 0.0 0.0 0.0 0.0 0.0 0.485479797979798 0.0 0.0 0.0 0.0 0.0 0.0 0.0 0.0 0.050000000000000044 0.0 0.0 0.0 0.0 
0.2276159175697282 0.0 0.0 0.2136164171399071 0.2356036941464077 0.38006322861094644 0.38006322861094644 0.0 0.0 0.23147444423332697 0.0 0.4080636877247046 0.0 0.38081246806336233 0.0 0.0 0.0 0.0 0.0 0.0 0.0 0.0 0.38081246806336233 0.0 0.44020730302825006 0.0 0.0 0.0 0.38006322861094644 0.22400110987791344 0.88 0.0 0.3904804008252283 0.44020730302825006 0.0 0.0 0.2276159175697282 0.23147444423332697 0.0 0.0 0.88 0.0 0.0 0.38006322861094644 0.0 0.0 0.0 0.24003504161191414 0.2448051948051948 
0.050000000000000044 0.0 0.30692413951882114 0.050000000000000044 0.5607343374030835 0.35963061922842554 0.16432526426577587 0.0 0.050000000000000044 0.050000000000000044 0.0 0.3622741173199888 0.0 0.32472440944881886 0.0 0.0 0.0 0.0 0.0 0.0 0.050000000000000044 0.0 0.32472440944881886 0.0 0.4067248499961038 0.050000000000000044 0.0 0.0 0.16432526426577587 0.6487488415199258 0.30692413951882114 0.050000000000000044 0.3380559540889526 0.4067248499961038 0.050000000000000044 0.0 0.0 0.0 0.0 0.0 0.0 0.050000000000000044 0.0 0.6487488415199258 0.050000000000000044 0.0 0.0 0.0 0.0 
0.29488937305135043 0.0 0.0 0.18802541077569734 0.0 0.0 0.0 0.2699891067538127 0.0 0.39748910675381266 0.29488937305135043 0.17735565425350197 0.0 0.0 0.1727106157193572 0.2011081585345169 0.0 0.0 0.17735565425350197 0.0 0.0 0.0 0.0 0.2011081585345169 0.0 0.0 0.0 0.1727106157193572 0.16844300278035218 0.0 0.3790541687892681 0.19421159064590277 0.0 0.17735565425350197 0.3136269599918604 0.0 0.29488937305135043 0.15746279652276418 0.2176560294987937 0.0 0.0 0.3136269599918604 0.09999999999999998 0.0 0.09999999999999998 0.09999999999999998 0.0 0.0 0.16844300278035218 
0.2901323130878368 0.0 0.0 0.0 0.0 0.0 0.0 0.09999999999999998 0.0 0.3984276729559748 0.2590886760009825 0.3204045058883769 0.0 0.0 0.31433262960356556 0.0 0.0 0.0 0.288412852969815 0.0 0.0 0.0 0.0 0.0 0.0 0.0 0.0 0.31433262960356556 0.3087378640776699 0.0 0.45717234262125905 0.3094869811807166 0.0 0.3204045058883769 0.27211714460036607 0.0 0.2901323130878368 0.2631336405529954 0.0 0.0 0.0 0.27211714460036607 0.050000000000000044 0.0 0.050000000000000044 0.050000000000000044 0.0 0.0 0.3087378640776699 
0.22241086587436332 0.0 0.0 0.22241086587436332 0.19271248151097964 0.29295014290250876 0.29295014290250876 0.0 0.0 0.712116991643454 0.6603316898251905 0.33708226221079696 0.0 0.30341880341880345 0.0 0.0 0.0 0.0 0.712116991643454 0.0 0.8083270392749244 0.0 0.30341880341880345 0.0 0.37659380692167577 0.0 0.0 0.0 0.29295014290250876 0.18219261909244966 0.0 0.0 0.31539411401522943 0.37659380692167577 0.0 0.0 0.0 0.0 0.0 0.0 0.0 0.8083270392749244 0.0 0.29295014290250876 0.0 0.0 0.0 0.0 0.0 
0.4437929982715966 0.0 0.0 0.0 0.45760131178261887 0.0 0.37210756722951843 0.0 0.7777777777777778 0.3834795059960623 0.0 0.0 0.0 0.0 0.4910498306724722 0.2936632333184057 0.0 0.4910498306724722 0.0 0.0 0.5848279917671273 0.0 0.0 0.0 0.0 0.0 0.0 0.4823067811667161 0.4037128159248491 0.0 0.7777777777777778 0.0 0.0 0.0 0.0 0.0 0.4437929982715966 0.3834795059960623 0.0 0.0 0.0 0.0 0.050000000000000044 0.45760131178261887 0.3417040358744394 0.3417040358744394 0.0 0.3964803312629399 0.4037128159248491 
0.48439498592990526 0.0 0.455138438513345 0.0 0.498348207682067 0.0 0.4068742655699178 0.0 0.8125 0.4184476940382452 0.0 0.32841285296981504 0.09999999999999998 0.30456221198156685 0.5570488721804512 0.3179868458678867 0.32744680851063834 0.5570488721804512 0.0 0.0 0.6178444532175287 0.0 0.30456221198156685 0.0 0.35644838432942516 0.0 0.0 0.5233149240617547 0.4390554298642534 0.2553020442538856 0.8125 0.0 0.3130262355094571 0.35644838432942516 0.0 0.32744680851063834 0.48439498592990526 0.4184476940382452 0.0 0.0 0.050000000000000044 0.0 0.0 0.498348207682067 0.0 0.0 0.0 0.43168756530825503 0.4390554298642534 
0.23267585055312046 0.0 0.0 0.23267585055312046 0.20225459819368452 0.41525201424020985 0.4664199639434481 0.0 0.0 0.557889255337615 0.25480153649167736 0.47331421700120246 0.0 0.3745892315470172 0.0 0.0 0.0 0.0 0.28800427464600586 0.0 0.0 0.0 0.3745892315470172 0.0 0.3925133689839573 0.0 0.0 0.0 0.4664199639434481 0.19146275149537795 0.0 0.3118663594470046 0.3302845528455285 0.47331421700120246 0.2695726374173363 0.0 0.0 0.25939336257551926 0.0 0.0 0.0 0.2695726374173363 0.09999999999999998 0.41525201424020985 0.09999999999999998 0.09999999999999998 0.0 0.0 0.0 
0.23849206349206342 0.0 0.3482905982905983 0.23849206349206342 0.20767365568392526 0.31560142913854694 0.31560142913854694 0.0 0.0 0.09999999999999998 0.0 0.36103874959296656 0.0 0.3263935906116001 0.0 0.0 0.0 0.0 0.0 0.0 0.0 0.0 0.3263935906116001 0.0 0.4015151515151516 0.0 0.0 0.0 0.31560142913854694 0.3718133718133718 0.3482905982905983 0.0 0.3387305699481865 0.4015151515151516 0.0 0.0 0.0 0.0 0.0 0.0 0.0 0.0 0.4273809523809524 0.3718133718133718 0.38349939613526574 0.38349939613526574 0.0 0.0 0.0 
0.0 0.0 0.0 0.0 0.0 0.0 0.0 0.0 0.0 0.0 0.0 0.0 0.0 0.0 0.0 0.0 0.0 0.0 0.0 0.0 0.0 0.0 0.0 0.0 0.3291028647629559 0.0 0.0 0.0 0.0 0.0 0.0 0.0 0.0 0.3291028647629559 0.0 0.0 0.0 0.0 0.0 0.0 0.0 0.0 0.8571428571428572 0.0 0.7370283018867925 0.7370283018867925 0.0 0.0 0.0 
0.22125897808045847 0.27809742999616416 0.27809742999616416 0.22125897808045847 0.0 0.0 0.0 0.0 0.09999999999999998 0.3178722710980775 0.27654493758052334 0.21853600944510043 0.0 0.19353233830845773 0.0 0.0 0.19729016786570752 0.0 0.3178722710980775 0.0 0.27809742999616416 0.0 0.19353233830845773 0.0 0.24859629009024897 0.050000000000000044 0.0 0.0 0.1540833464546265 0.14137293976003662 0.27809742999616416 0.22718513143041452 0.20236673923730597 0.24859629009024897 0.19891093266152315 0.19729016786570752 0.0 0.14728033472803348 0.0 0.0 0.0 0.27654493758052334 0.0 0.14137293976003662 0.19729016786570752 0.19729016786570752 0.21586134453781503 0.1540833464546265 0.0 
0.09999999999999998 0.0 0.0 0.0 0.38821036889332006 0.2862351190476191 0.2862351190476191 0.0 0.0 0.0 0.0 0.3204045058883769 0.0 0.29429892141756553 0.0 0.0 0.0 0.0 0.0 0.0 0.0 0.0 0.29429892141756553 0.0 0.351027397260274 0.0 0.0 0.0 0.2862351190476191 0.3726336931960834 0.0 0.0 0.3035643170051773 0.351027397260274 0.0 0.0 0.0 0.0 0.0 0.09999999999999998 0.0 0.0 0.0 0.38821036889332006 0.0 0.0 0.0 0.0 0.0 
0.0 0.0 0.0 0.0 0.0 0.0 0.0 0.0 0.0 0.050000000000000044 0.0 0.0 0.0 0.0 0.0 0.0 0.0 0.0 0.0 0.0 0.0 0.0 0.0 0.0 0.0 0.0 0.0 0.0 0.0 0.0 0.0 0.0 0.0 0.0 0.0 0.0 0.0 0.0 0.0 0.0 0.0 0.0 0.050000000000000044 0.0 0.3022493961352657 0.3022493961352657 0.0 0.0 0.0 
0.0 0.0 0.0 0.0 0.0 0.0 0.0 0.0 0.0 0.0 0.0 0.0 0.0 0.0 0.0 0.0 0.0 0.0 0.0 0.0 0.0 0.0 0.0 0.0 0.0 0.0 0.0 0.0 0.0 0.0 0.0 0.0 0.0 0.0 0.0 0.0 0.0 0.0 0.0 0.0 0.0 0.0 0.0 0.0 0.0 0.0 0.0 0.0 0.0 
0.2136164171399071 0.0 0.0 0.2136164171399071 0.18455503881100943 0.38006322861094644 0.38006322861094644 0.0 0.0 0.18089762093207318 0.0 0.26430451418839707 0.0 0.23686591377051225 0.0 0.0 0.0 0.0 0.0 0.0 0.0 0.0 0.23686591377051225 0.0 0.29663941306307706 0.0 0.0 0.0 0.38006322861094644 0.17427967149174606 0.7068965517241379 0.0 0.24661506983364467 0.29663941306307706 0.0 0.0 0.17748074903745192 0.18089762093207318 0.0 0.0 0.7068965517241379 0.0 0.0 0.38006322861094644 0.0 0.0 0.0 0.18848195329087047 0.19271248151097964 
0.0 0.0 0.0 0.0 0.0 0.0 0.0 0.050000000000000044 0.0 0.0 0.0 0.0 0.0 0.0 0.0 0.0 0.0 0.0 0.0 0.0 0.0 0.0 0.0 0.0 0.0 0.0 0.0 0.0 0.0 0.0 0.0 0.0 0.0 0.0 0.0 0.0 0.0 0.0 0.0 0.0 0.0 0.050000000000000044 0.0 0.0 0.0 0.0 0.0 0.0 0.0 
0.2203885598728874 0.0 0.0 0.19060703841887672 0.0 0.0 0.0 0.2728690228690229 0.0 0.39979209979209984 0.29913984873201827 0.0 0.0 0.0 0.0 0.20376344086021492 0.0 0.0 0.34167144179486053 0.0 0.0 0.0 0.0 0.20376344086021492 0.0 0.0 0.0 0.0 0.0 0.0 0.0 0.1968294819844485 0.0 0.0 0.16692448319504982 0.0 0.15663548669979543 0.1598269123394752 0.2203885598728874 0.0 0.0 0.29913984873201827 0.09999999999999998 0.0 0.09999999999999998 0.09999999999999998 0.0 0.0 0.0 
0.344403623763203 0.0 0.0 0.344403623763203 0.1543787526369882 0.31992904519512577 0.513649564375605 0.3087378640776699 0.0 0.42873786407767 0.29913984873201827 0.3734547820429408 0.0 0.28907701837703903 0.1727106157193572 0.2365125240847784 0.0 0.0 0.34167144179486053 0.0 0.0 0.0 0.28907701837703903 0.2365125240847784 0.3120408163265307 0.0 0.0 0.1727106157193572 0.513649564375605 0.1450704225352113 0.3790541687892681 0.22909552151429413 0.2552748741773132 0.3734547820429408 0.3136269599918604 0.0 0.29488937305135043 0.18896882494004796 0.25415957028691216 0.0 0.0 0.3136269599918604 0.09999999999999998 0.31992904519512577 0.09999999999999998 0.09999999999999998 0.0 0.0 0.16844300278035218 
0.0 0.0 0.0 0.0 0.3415354330708661 0.20252291631301989 0.20252291631301989 0.0 0.0 0.09999999999999998 0.0 0.23267585055312046 0.0 0.20966924802779185 0.0 0.0 0.0 0.0 0.0 0.0 0.0 0.0 0.20966924802779185 0.0 0.33738938053097356 0.0 0.0 0.0 0.2178518026250208 0.3246124031007751 0.0 0.0 0.2178518026250208 0.33738938053097356 0.0 0.0 0.0 0.0 0.0 0.0 0.0 0.0 0.9222222222222223 0.3415354330708661 0.8228413163897035 0.8228413163897035 0.0 0.2178518026250208 0.0 
0.2862351190476191 0.30692413951882114 0.0 0.24554617212697338 0.38006322861094644 0.35963061922842554 0.5322841594352111 0.0 0.4551347488770927 0.17073500967117994 0.0 0.4664199639434481 0.0 0.41935828877005354 0.24427739401327364 0.21602787456445993 0.0 0.2330235553919764 0.0 0.0 0.8125 0.0 0.41935828877005354 0.0 0.5222350137881181 0.050000000000000044 0.0 0.24427739401327364 0.5322841594352111 0.16432526426577587 0.4551347488770927 0.050000000000000044 0.4360663738408981 0.5222350137881181 0.050000000000000044 0.0 0.21951278957823028 0.17073500967117994 0.0 0.2862351190476191 0.0 0.2553020442538856 0.0 0.38006322861094644 0.050000000000000044 0.0 0.0 0.17808761435608722 0.18219261909244966 
0.050000000000000044 0.0 0.0 0.050000000000000044 0.0 0.0 0.0 0.0 0.050000000000000044 0.7956527331189711 0.0 0.0 0.0 0.0 0.0 0.0 0.0 0.0 0.0 0.0 0.050000000000000044 0.0 0.0 0.0 0.0 0.8434389140271493 0.0 0.0 0.0 0.0 0.050000000000000044 0.7956527331189711 0.0 0.0 0.7514031534789527 0.0 0.0 0.0 0.0 0.0 0.0 0.8434389140271493 0.0 0.0 0.050000000000000044 0.0 0.0 0.0 0.0 
0.28701600347124734 0.0 0.0 0.18325080731969856 0.0 0.0 0.0 0.2646801051709028 0.0 0.39325153374233135 0.28701600347124734 0.17270674465092184 0.0 0.0 0.16812114104377218 0.19619963369963367 0.0 0.0 0.17270674465092184 0.0 0.0 0.0 0.0 0.19619963369963367 0.0 0.0 0.0 0.16812114104377218 0.16391064693936763 0.0 0.37240569610665053 0.1893709428851632 0.0 0.17270674465092184 0.3055495937452093 0.0 0.28701600347124734 0.15308819995193468 0.2126080824185933 0.0 0.0 0.3055495937452093 0.09999999999999998 0.0 0.09999999999999998 0.09999999999999998 0.0 0.0 0.16391064693936763 
0.22733554005848888 0.0 0.3354037267080745 0.22733554005848888 0.19728716140472458 0.29987212276214825 0.29987212276214825 0.0 0.0 0.4630609863684225 0.41200851142566386 0.5188979568212073 0.0 0.470550576184379 0.0 0.0 0.09999999999999998 0.0 0.4630609863684225 0.0 0.7316871861888713 0.0 0.470550576184379 0.0 0.5755102040816327 0.0 0.0 0.0 0.29987212276214825 0.35353604843148045 0.3354037267080745 0.0 0.48777348777348783 0.5755102040816327 0.0 0.09999999999999998 0.0 0.0 0.0 0.0 0.0 0.7316871861888713 0.0 0.35353604843148045 0.0 0.0 0.0 0.20135524420583994 0.0 
0.3146428571428571 0.0 0.0 0.0 0.0 0.0 0.050000000000000044 0.0 0.0 0.09999999999999998 0.0 0.30301909131271276 0.0 0.0 0.29704684317718943 0.0 0.4421157684630739 0.0 0.0 0.37969924812030076 0.5937846836847946 0.37969924812030076 0.0 0.09999999999999998 0.7142857142857143 0.0 0.0 0.29704684317718943 0.3318642160540135 0.0 0.43760907504363 0.0 0.0 0.3179868458678867 0.0 0.5937846836847946 0.3146428571428571 0.050000000000000044 0.0 0.0 0.0 0.0 0.09999999999999998 0.0 0.37969924812030076 0.09999999999999998 0.0 0.050000000000000044 0.3318642160540135 
0.0 0.0 0.0 0.0 0.0 0.0 0.0 0.0 0.0 0.0 0.0 0.09999999999999998 0.0 0.09999999999999998 0.0 0.0 0.0 0.0 0.0 0.0 0.0 0.0 0.09999999999999998 0.0 0.09999999999999998 0.0 0.0 0.0 0.0 0.0 1.0 0.0 0.09999999999999998 0.09999999999999998 0.0 0.0 0.0 0.0 0.0 0.0 1.0 0.0 0.0 0.0 0.0 0.0 0.0 0.0 0.0 
0.1854705558613099 0.0 0.0 0.0 0.19271248151097964 0.23855338075485388 0.23855338075485388 0.0 0.0 0.18896882494004796 0.0 0.27524197656647986 0.0 0.24724901750625228 0.0 0.0 0.0 0.0 0.0 0.0 0.0 0.0 0.24724901750625228 0.0 0.3081299056671707 0.0 0.0 0.0 0.23855338075485388 0.18219261909244966 0.7222222222222222 0.0 0.2572023602915654 0.3081299056671707 0.0 0.0 0.1854705558613099 0.18896882494004796 0.0 0.0 0.7222222222222222 0.0 0.0 0.23855338075485388 0.0 0.0 0.0 0.1967307926458055 0.20105820105820105 
0.0 0.0 0.0 0.0 0.0 0.0 0.0 0.0 0.0 0.09999999999999998 0.0 0.0 0.0 0.0 0.0 0.0 0.0 0.0 0.0 0.0 0.0 0.0 0.0 0.0 0.3565721256480635 0.4793028322440087 0.0 0.0 0.0 0.0 0.0 0.0 0.0 0.3565721256480635 0.0 0.0 0.0 0.0 0.0 0.0 0.0 0.4793028322440087 0.94 0.0 0.8480730223123732 0.8480730223123732 0.4793028322440087 0.0 0.0 
0.37477313974591653 0.0 0.40649350649350646 0.37477313974591653 0.0 0.2433442555805857 0.2433442555805857 0.0 0.0 0.27591857857512503 0.24707298391508914 0.5042616158626813 0.0 0.471902478017586 0.0 0.0 0.0 0.0 0.27591857857512503 0.0 0.0 0.0 0.471902478017586 0.0 0.5422657952069716 0.0 0.0 0.0 0.2433442555805857 0.2433442555805857 0.40649350649350646 0.0 0.4833950903195924 0.5422657952069716 0.0 0.0 0.0 0.0 0.0 0.0 0.09999999999999998 0.24707298391508914 0.0 0.2433442555805857 0.0 0.0 0.0 0.0 0.0 
0.5734643734643735 0.0 0.050000000000000044 0.5734643734643735 0.20767365568392526 0.31560142913854694 0.31560142913854694 0.0 0.050000000000000044 0.4232124155003332 0.2616436345335207 0.36103874959296656 0.09999999999999998 0.3263935906116001 0.050000000000000044 0.0 0.0 0.050000000000000044 0.2952356408852237 0.0 0.050000000000000044 0.050000000000000044 0.4936257967754031 0.0 0.4015151515151516 0.050000000000000044 0.0 0.050000000000000044 0.31560142913854694 0.1967347897580456 0.050000000000000044 0.31935160427807485 0.3387305699481865 0.4936257967754031 0.27659137577002046 0.050000000000000044 0.0 0.2662907268170426 0.0 0.0 0.0 0.27659137577002046 0.9 0.31560142913854694 1.0 0.7931372549019609 0.0 0.0 0.0 
0.09999999999999998 0.0 0.0 0.0 0.19271248151097964 0.0 0.0 0.0 0.0 0.22909552151429413 0.1854705558613099 0.0 0.3087378640776699 0.18896882494004796 0.0 0.09999999999999998 0.0 0.0 0.2108118361153264 0.050000000000000044 0.050000000000000044 0.0 0.18896882494004796 0.0 0.050000000000000044 0.2648221343873518 0.0 0.0 0.0 0.18219261909244966 0.0 0.22909552151429413 0.0 0.18896882494004796 0.1967307926458055 0.050000000000000044 0.0 0.0 0.0 0.0 0.0 0.2648221343873518 0.0 0.19271248151097964 0.0 0.0 0.0 0.0 0.0 
0.6846081208687441 0.0 0.42092791219755554 0.0 0.0 0.0 0.2553020442538856 0.0 0.0 0.3094869811807166 0.0 0.288412852969815 0.0 0.2631336405529954 0.0 0.050000000000000044 0.0 0.0 0.0 0.6115830115830116 0.09999999999999998 0.0 0.2631336405529954 0.0 0.6115830115830116 0.3500609508329947 0.0 0.0 0.2553020442538856 0.2553020442538856 0.42092791219755554 0.3094869811807166 0.27211714460036607 0.3179868458678867 0.27211714460036607 0.09999999999999998 0.0 0.0 0.0 0.0 0.0 0.3500609508329947 0.0 0.2553020442538856 0.0 0.0 0.0 0.0 0.0 
0.3035643170051773 0.0 0.3354037267080745 0.28907701837703903 0.2553178099433606 0.38820146392471244 0.38820146392471244 0.0 0.0 0.691529936226859 0.6530284921155107 0.5188979568212073 0.09999999999999998 0.470550576184379 0.20135524420583994 0.2318163751987281 0.09999999999999998 0.050000000000000044 0.691529936226859 0.0 0.9046621267679413 0.0 0.470550576184379 0.0 0.5755102040816327 0.0 0.0 0.20135524420583994 0.38820146392471244 0.35353604843148045 0.42106918238993707 0.0 0.48777348777348783 0.5755102040816327 0.0 0.09999999999999998 0.18132612691193417 0.0 0.09999999999999998 0.3035643170051773 0.0 0.9046621267679413 0.0 0.38820146392471244 0.0 0.0 0.050000000000000044 0.20135524420583994 0.1967307926458055 
0.23669472374152556 0.0 0.0 0.20598006644518274 0.0 0.0 0.16742501456027958 0.2901323130878368 0.0 0.4136617248525427 0.17055680720952693 0.0 0.0 0.0 0.0 0.2195880452342488 0.2276159175697282 0.0 0.19482585721448675 0.0 0.0 0.0 0.0 0.2195880452342488 0.0 0.0 0.0 0.0 0.2374242637734254 0.0 0.0 0.21242401122295784 0.0 0.0 0.18132612691193417 0.2276159175697282 0.17055680720952693 0.33044078287052525 0.23669472374152556 0.0 0.0 0.2901323130878368 0.09999999999999998 0.0 0.09999999999999998 0.09999999999999998 0.24707298391508914 0.2374242637734254 0.1854705558613099 
0.36349924585218707 0.3826735994632673 0.0 0.050000000000000044 0.3755197505197505 0.0 0.35805084745762716 0.0 0.7868421052631579 0.36930900871811434 0.0 0.0 0.0 0.0 0.47588285960378984 0.0 0.0 0.47588285960378984 0.0 0.0 0.47977611940298504 0.0 0.0 0.0 0.0 0.050000000000000044 0.0 0.3970588235294117 0.38933601609657953 0.0 0.7868421052631579 0.050000000000000044 0.0 0.0 0.050000000000000044 0.0 0.36349924585218707 0.36930900871811434 0.0 0.0 0.0 0.050000000000000044 0.0 0.3755197505197505 0.050000000000000044 0.0 0.0 0.3821774794929158 0.38933601609657953 
0.2365125240847784 0.0 0.0 0.0 0.0 0.0 0.0 0.0 0.0 0.0 0.0 0.0 0.0 0.0 0.0 0.0 0.0 0.0 0.0 0.0 0.0 0.050000000000000044 0.0 0.2365125240847784 0.0 0.0 0.0 0.0 0.0 0.0 0.0 0.0 0.0 0.0 0.0 0.0 0.0 0.0 0.0 0.0 0.0 0.0 0.0 0.0 0.050000000000000044 0.0 0.0 0.0 0.0 
0.23849206349206342 0.0 0.050000000000000044 0.23849206349206342 0.20767365568392526 0.31560142913854694 0.31560142913854694 0.0 0.0 0.4232124155003332 0.2616436345335207 0.36103874959296656 0.09999999999999998 0.3263935906116001 0.050000000000000044 0.0 0.0 0.050000000000000044 0.2952356408852237 0.0 0.0 0.0 0.4936257967754031 0.0 0.4015151515151516 0.0 0.0 0.050000000000000044 0.31560142913854694 0.1967347897580456 0.050000000000000044 0.31935160427807485 0.3387305699481865 0.4936257967754031 0.27659137577002046 0.050000000000000044 0.0 0.2662907268170426 0.0 0.0 0.0 0.27659137577002046 0.0 0.31560142913854694 0.717391304347826 0.0 0.0 0.0 0.0 
0.0 0.0 0.0 0.0 0.24480929812683372 0.2330235553919764 0.0 0.0 0.0 0.0 0.0 0.0 0.0 0.0 0.0 0.0 0.0 0.0 0.0 0.0 0.0 0.050000000000000044 0.0 0.0 0.0 0.0 0.0 0.0 0.0 0.2330235553919764 0.0 0.0 0.0 0.0 0.0 0.0 0.0 0.0 0.0 0.0 0.0 0.0 0.0 0.3938531587933978 0.050000000000000044 0.0 0.0 0.0 0.0 
0.0 0.0 0.0 0.0 0.0 0.0 0.0 0.0 0.0 0.0 0.5411429529076588 0.0 0.0 0.5478896103896104 0.0 0.0 0.0 0.0 0.0 0.0 0.0 0.0 0.5478896103896104 0.0 0.0 0.0 0.0 0.0 0.0 0.0 0.0 0.0 0.5628294328484081 0.5628294328484081 0.5628294328484081 0.0 0.0 0.0 0.0 0.0 0.0 0.5628294328484081 0.0 0.0 0.0 0.0 0.0 0.0 0.0 
0.0 0.0 0.0 0.0 0.0 0.0 0.0 0.0 0.0 0.3275374224169405 0.0 0.0 0.0 0.0 0.0 0.0 0.0 0.0 0.0 0.0 0.0 0.0 0.0 0.0 0.0 0.37477313974591653 0.0 0.0 0.0 0.0 0.0 0.3275374224169405 0.0 0.0 0.2842833626293909 0.0 0.0 0.0 0.0 0.0 0.0 0.37477313974591653 0.050000000000000044 0.0 0.050000000000000044 0.050000000000000044 0.0 0.0 0.0 
0.23669472374152556 0.0 0.0 0.0 0.0 0.0 0.2330235553919764 0.0 0.0 0.2406141550110421 0.0 0.0 0.0 0.0 0.0 0.0 0.0 0.0 0.0 0.0 0.0 0.0 0.0 0.0 0.0 0.0 0.0 0.0 0.25415957028691216 0.0 0.0 0.0 0.0 0.0 0.0 0.0 0.23669472374152556 0.2406141550110421 0.0 0.0 0.0 0.0 0.0 0.0 0.0 0.0 0.0 0.24931201942533388 0.25415957028691216 
0.3035643170051773 0.0 0.0 0.2178518026250208 0.18848195329087047 0.2865510083036773 0.2865510083036773 0.0 0.0 0.44482809285924185 0.394411283334938 0.49889361278933886 0.0 0.2969195903978512 0.20135524420583994 0.2318163751987281 0.0 0.0 0.44482809285924185 0.0 0.7107043719639139 0.0 0.2969195903978512 0.0 0.3695101351351351 0.0 0.0 0.20135524420583994 0.2865510083036773 0.17808761435608722 0.42106918238993707 0.0 0.30878404296125816 0.49889361278933886 0.0 0.0 0.18132612691193417 0.0 0.09999999999999998 0.3035643170051773 0.0 0.7107043719639139 0.0 0.2865510083036773 0.0 0.0 0.050000000000000044 0.0 0.1967307926458055 
0.4437929982715966 0.0 0.0 0.0 0.45760131178261887 0.0 0.37210756722951843 0.0 0.7777777777777778 0.3834795059960623 0.0 0.0 0.0 0.0 0.4910498306724722 0.2936632333184057 0.0 0.4910498306724722 0.0 0.0 0.5848279917671273 0.0 0.0 0.0 0.0 0.0 0.0 0.4823067811667161 0.4037128159248491 0.0 0.8 0.0 0.0 0.0 0.0 0.0 0.4437929982715966 0.3834795059960623 0.0 0.0 0.8 0.0 0.050000000000000044 0.45760131178261887 0.5950381679389313 0.5950381679389313 0.0 0.3964803312629399 0.4037128159248491 
0.0 0.0 0.0 0.0 0.0 0.0 0.0 0.09999999999999998 0.0 0.3984276729559748 0.2590886760009825 0.0 0.0 0.0 0.0 0.0 0.0 0.0 0.288412852969815 0.0 0.0 0.0 0.0 0.0 0.0 0.0 0.0 0.0 0.0 0.0 0.0 0.3094869811807166 0.0 0.0 0.27211714460036607 0.0 0.0 0.2631336405529954 0.0 0.0 0.0 0.27211714460036607 0.0 0.0 0.0 0.0 0.0 0.0 0.0 
0.0 0.0 0.0 0.0 0.0 0.0 0.0 0.0 0.0 0.09999999999999998 0.0 0.0 0.0 0.0 0.0 0.0 0.0 0.0 0.0 0.0 0.0 0.0 0.0 0.0 0.43019498607242346 0.0 0.0 0.0 0.0 0.0 0.0 0.0 0.0 0.43019498607242346 0.0 0.0 0.0 0.0 0.0 0.0 0.0 0.0 1.0 0.0 0.95 0.95 0.0 0.0 0.0 
0.22733554005848888 0.0 0.0 0.22733554005848888 0.0 0.0 0.0 0.0 0.0 0.09999999999999998 0.0 0.0 0.0 0.0 0.0 0.0 0.0 0.0 0.0 0.0 0.0 0.0 0.0 0.0 0.3145581938497469 0.0 0.0 0.0 0.0 0.0 0.0 0.0 0.0 0.3145581938497469 0.0 0.0 0.0 0.0 0.0 0.0 0.0 0.0 0.9 0.0 0.7931372549019609 0.7931372549019609 0.0 0.0 0.0 
0.39375582479030746 0.0 0.0 0.050000000000000044 0.40601503759398494 0.0 0.38820146392471244 0.0 0.8147058823529412 0.3996802557953637 0.24707298391508914 0.0 0.0 0.0 0.5082191780821917 0.0 0.0 0.5082191780821917 0.27591857857512503 0.0 0.5359649122807018 0.0 0.0 0.0 0.0 0.050000000000000044 0.0 0.4279891304347826 0.42011019283746553 0.0 0.8147058823529412 0.050000000000000044 0.0 0.0 0.050000000000000044 0.0 0.39375582479030746 0.3996802557953637 0.0 0.0 0.0 0.24707298391508914 0.0 0.40601503759398494 0.050000000000000044 0.0 0.0 0.41280685502547476 0.42011019283746553 
0.2590886760009825 0.0 0.0 0.0 0.38821036889332006 0.3726336931960834 0.3726336931960834 0.0 0.0 0.0 0.0 0.4864606839090435 0.0 0.4584200786490862 0.2825412915151154 0.050000000000000044 0.0 0.0 0.0 0.050000000000000044 0.050000000000000044 0.0 0.4584200786490862 0.0 0.5194919647485744 0.0 0.0 0.2825412915151154 0.3726336931960834 0.3726336931960834 0.42092791219755554 0.0 0.4683615058253081 0.5194919647485744 0.0 0.050000000000000044 0.2590886760009825 0.0 0.0 0.09999999999999998 0.09999999999999998 0.0 0.0 0.38821036889332006 0.0 0.0 0.0 0.0 0.277127308707124 
0.37761069340016706 0.0 0.0 0.0 0.389753940792003 0.0 0.37210756722951843 0.0 0.7777777777777778 0.3834795059960623 0.0 0.09999999999999998 0.0 0.09999999999999998 0.4910498306724722 0.0 0.30281514698555045 0.4910498306724722 0.0 0.0 0.4562818336162988 0.0 0.09999999999999998 0.0 0.09999999999999998 0.0 0.0 0.4115151515151515 0.4037128159248491 0.0 0.7777777777777778 0.0 0.09999999999999998 0.09999999999999998 0.0 0.30281514698555045 0.37761069340016706 0.3834795059960623 0.0 0.0 0.09999999999999998 0.0 0.0 0.389753940792003 0.0 0.0 0.0 0.3964803312629399 0.4037128159248491 
0.30179934569247546 0.0 0.0 0.30179934569247546 0.050000000000000044 0.050000000000000044 0.0 0.0 0.0 0.288412852969815 0.2590886760009825 0.0 0.0 0.0 0.0 0.0 0.0 0.0 0.288412852969815 0.0 0.0 0.0 0.0 0.0 0.0 0.0 0.0 0.0 0.0 0.050000000000000044 0.050000000000000044 0.0 0.0 0.0 0.0 0.0 0.0 0.0 0.0 0.0 0.0 0.2590886760009825 0.0 0.050000000000000044 0.8125 0.0 0.0 0.0 0.0 
0.0 0.0 0.0 0.0 0.0 0.0 0.0 0.0 0.0 0.050000000000000044 0.0 0.0 0.0 0.0 0.0 0.0 0.0 0.0 0.0 0.0 0.0 0.0 0.0 0.0 0.0 0.0 0.0 0.0 0.0 0.0 0.0 0.0 0.0 0.0 0.0 0.0 0.0 0.0 0.0 0.0 0.0 0.0 0.050000000000000044 0.0 0.050000000000000044 0.050000000000000044 0.0 0.0 0.0 
0.19927536231884058 0.0 0.0 0.19927536231884058 0.1712730806608358 0.3536463978411378 0.39813440746237017 0.050000000000000044 0.0 0.368084906546445 0.21572056420994512 0.408963536067394 0.0 0.31935160427807485 0.0 0.0 0.0 0.0 0.24645119209049238 0.0 0.0 0.0 0.31935160427807485 0.0 0.3405666063893912 0.0 0.0 0.0 0.39813440746237017 0.1614147701484796 0.0 0.26877513551320165 0.28183533687447593 0.408963536067394 0.2293521901612925 0.0 0.0 0.2704530087897228 0.0 0.0 0.0 0.2293521901612925 0.0 0.3536463978411378 0.0 0.0 0.0 0.0 0.0 
0.29488937305135043 0.0 0.0 0.18802541077569734 0.0 0.0 0.0 0.2699891067538127 0.0 0.39748910675381266 0.15429738138449567 0.17735565425350197 0.0 0.0 0.1727106157193572 0.2011081585345169 0.0 0.0 0.17735565425350197 0.0 0.0 0.0 0.0 0.2011081585345169 0.0 0.0 0.0 0.1727106157193572 0.16844300278035218 0.0 0.29050736497545016 0.19421159064590277 0.0 0.17735565425350197 0.164504716981132 0.0 0.29488937305135043 0.15746279652276418 0.2176560294987937 0.0 0.0 0.2699891067538127 0.09999999999999998 0.0 0.09999999999999998 0.09999999999999998 0.0 0.0 0.16844300278035218 
0.6666666666666666 0.3826735994632673 0.455138438513345 0.050000000000000044 0.6785714285714286 0.0 0.6612903225806451 0.050000000000000044 1.0 0.6724137931034483 0.24707298391508914 0.09999999999999998 0.09999999999999998 0.09999999999999998 0.7777777777777778 0.0 0.30281514698555045 0.7777777777777778 0.27591857857512503 0.0 0.6818181818181818 0.0 0.09999999999999998 0.0 0.09999999999999998 0.050000000000000044 0.0 0.7 0.6923076923076923 0.2553020442538856 1.0 0.050000000000000044 0.09999999999999998 0.09999999999999998 0.050000000000000044 0.30281514698555045 0.6666666666666666 0.6724137931034483 0.0 0.0 0.09999999999999998 0.24707298391508914 0.0 0.6785714285714286 0.050000000000000044 0.0 0.0 0.6851851851851851 0.6923076923076923 
0.48439498592990526 0.0 0.0 0.0 0.498348207682067 0.0 0.4068742655699178 0.0 0.8125 0.4184476940382452 0.0 0.32841285296981504 0.0 0.30456221198156685 0.5278822055137845 0.3179868458678867 0.32744680851063834 0.5278822055137845 0.0 0.0 0.6178444532175287 0.0 0.30456221198156685 0.0 0.35644838432942516 0.0 0.0 0.5233149240617547 0.4390554298642534 0.0 0.8125 0.0 0.3130262355094571 0.35644838432942516 0.0 0.32744680851063834 0.48439498592990526 0.4184476940382452 0.0 0.0 0.050000000000000044 0.0 0.0 0.498348207682067 0.0 0.0 0.0 0.43168756530825503 0.4390554298642534 
0.344403623763203 0.0 0.0 0.344403623763203 0.1543787526369882 0.31992904519512577 0.513649564375605 0.2622277593207827 0.0 0.39129752676264307 0.14796465989554963 0.3734547820429408 0.0 0.28907701837703903 0.0 0.19392591159686623 0.0 0.0 0.17055146972438262 0.0 0.0 0.0 0.28907701837703903 0.19392591159686623 0.3120408163265307 0.0 0.0 0.0 0.513649564375605 0.1450704225352113 0.0 0.1871280532938564 0.2552748741773132 0.3734547820429408 0.15795079450372296 0.0 0.14796465989554963 0.15105944073753375 0.21027139307345855 0.0 0.0 0.2622277593207827 0.09999999999999998 0.31992904519512577 0.09999999999999998 0.09999999999999998 0.0 0.0 0.0 
0.6666666666666666 0.0 0.0 0.050000000000000044 0.6785714285714286 0.050000000000000044 0.6612903225806451 0.0 1.0 0.7956527331189711 0.0 0.3415693321353699 0.0 0.09999999999999998 0.7777777777777778 0.050000000000000044 0.0 0.7777777777777778 0.0 0.050000000000000044 0.6818181818181818 0.050000000000000044 0.09999999999999998 0.0 0.09999999999999998 0.8434389140271493 0.0 0.7 0.6923076923076923 0.050000000000000044 1.0 0.7956527331189711 0.09999999999999998 0.3415693321353699 0.7514031534789527 0.050000000000000044 0.6666666666666666 0.6724137931034483 0.0 0.0 1.0 0.8434389140271493 0.0 0.6785714285714286 0.050000000000000044 0.0 0.0 0.6851851851851851 0.6923076923076923 
0.3105473965287049 0.0 0.050000000000000044 0.3105473965287049 0.0 0.3718133718133718 0.1967347897580456 0.0 0.0 0.2264711520030669 0.20014378594648663 0.2952356408852237 0.09999999999999998 0.2662907268170426 0.050000000000000044 0.0 0.0 0.050000000000000044 0.2264711520030669 0.0 0.0 0.0 0.2662907268170426 0.0 0.3291028647629559 0.0 0.0 0.050000000000000044 0.1967347897580456 0.0 0.050000000000000044 0.0 0.27659137577002046 0.3291028647629559 0.0 0.050000000000000044 0.0 0.0 0.0 0.0 0.0 0.20014378594648663 0.0 0.3718133718133718 0.0 0.0 0.0 0.0 0.0 
0.23669472374152556 0.0 0.050000000000000044 0.0 0.0 0.0 0.0 0.0 0.0 0.09999999999999998 0.0 0.2650729252259655 0.09999999999999998 0.0 0.30030492128776065 0.0 0.0 0.050000000000000044 0.0 0.0 0.0 0.35353604843148045 0.0 0.0 0.3565721256480635 0.0 0.0 0.30030492128776065 0.25415957028691216 0.0 0.3938531587933978 0.0 0.22446975648075418 0.3565721256480635 0.0 0.050000000000000044 0.23669472374152556 0.0 0.0 0.0 0.0 0.0 0.94 0.0 0.8480730223123732 0.8480730223123732 0.0 0.0 0.25415957028691216 
0.37761069340016706 0.0 0.050000000000000044 0.0 0.389753940792003 0.0 0.37210756722951843 0.0 0.7777777777777778 0.3834795059960623 0.0 0.0 0.09999999999999998 0.0 0.521819061441703 0.0 0.30281514698555045 0.521819061441703 0.0 0.0 0.4562818336162988 0.0 0.0 0.0 0.0 0.0 0.0 0.4463636363636363 0.4037128159248491 0.0 0.7777777777777778 0.0 0.0 0.0 0.0 0.30281514698555045 0.37761069340016706 0.3834795059960623 0.0 0.0 0.0 0.0 0.0 0.389753940792003 0.0 0.0 0.0 0.3964803312629399 0.4037128159248491 
0.37477313974591653 0.0 0.4414935064935065 0.37477313974591653 0.0 0.3718133718133718 0.2433442555805857 0.09999999999999998 0.0 0.27591857857512503 0.24707298391508914 0.5042616158626813 0.09999999999999998 0.471902478017586 0.050000000000000044 0.0 0.0 0.050000000000000044 0.27591857857512503 0.0 0.0 0.0 0.471902478017586 0.0 0.5422657952069716 0.0 0.0 0.050000000000000044 0.2433442555805857 0.2433442555805857 0.9 0.0 0.4833950903195924 0.5422657952069716 0.0 0.050000000000000044 0.0 0.0 0.0 0.0 0.9 0.24707298391508914 0.0 0.3718133718133718 0.0 0.0 0.0 0.0 0.0 
0.0 0.3637459807073955 0.0 0.0 0.0 0.0 0.0 0.0 0.0 0.09999999999999998 0.0 0.0 0.0 0.0 0.0 0.0 0.0 0.0 0.0 0.0 0.3637459807073955 0.0 0.0 0.0 0.3464980114891737 0.0 0.0 0.0 0.0 0.0 0.0 0.0 0.0 0.3464980114891737 0.0 0.0 0.0 0.0 0.0 0.0 0.0 0.2966333030027297 0.9307692307692308 0.0 0.8347826086956521 0.8347826086956521 0.2966333030027297 0.0 0.0 
0.0 0.48054635761589404 0.050000000000000044 0.0 0.0 0.0 0.0 0.0 0.0 0.45717234262125905 0.31086835771153487 0.0 0.050000000000000044 0.0 0.050000000000000044 0.0 0.0 0.050000000000000044 0.3415693321353699 0.0 0.48054635761589404 0.0 0.0 0.0 0.0 0.0 0.0 0.050000000000000044 0.050000000000000044 0.0 0.050000000000000044 0.3637459807073955 0.0 0.0 0.3244779582366589 0.050000000000000044 0.0 0.3150875796178344 0.0 0.0 0.0 0.3244779582366589 0.0 0.0 0.0 0.0 0.0 0.0 0.0 
0.22633388376059116 0.0 0.0 0.19621789443974036 0.0 0.15867537885759864 0.15867537885759864 0.2791487139313227 0.0 0.4048243896069983 0.16171577817996585 0.0 0.0 0.0 0.0 0.20953689431003286 0.0 0.0 0.18532865173063606 0.0 0.0 0.0 0.0 0.20953689431003286 0.0 0.0 0.0 0.0 0.15867537885759864 0.0 0.0 0.20252025202520252 0.0 0.0 0.17218158066623124 0.0 0.16171577817996585 0.16496340284491096 0.22633388376059116 0.0 0.0 0.2791487139313227 0.09999999999999998 0.15867537885759864 0.09999999999999998 0.09999999999999998 0.0 0.0 0.0 
0.22957685664939542 0.0 0.0 0.19927536231884058 0.0 0.0 0.0 0.28258145363408516 0.0 0.40758145363408527 0.16448408606585552 0.0 0.0 0.0 0.0 0.21268417680973728 0.0 0.0 0.18830337481435966 0.0 0.0 0.0 0.0 0.21268417680973728 0.0 0.0 0.0 0.0 0.0 0.0 0.0 0.20562178359715988 0.0 0.0 0.1750456280073005 0.0 0.16448408606585552 0.16776207689779832 0.22957685664939542 0.0 0.0 0.28258145363408516 0.09999999999999998 0.0 0.09999999999999998 0.09999999999999998 0.0 0.0 0.0 
0.0 0.0 0.0 0.0 0.0 0.0 0.0 0.0 0.0 0.050000000000000044 0.0 0.0 0.0 0.0 0.0 0.0 0.0 0.0 0.0 0.0 0.0 0.0 0.0 0.0 0.0 0.0 0.0 0.0 0.0 0.0 0.8 0.0 0.0 0.0 0.0 0.0 0.0 0.0 0.0 0.0 0.8 0.0 0.050000000000000044 0.0 0.33197950697950696 0.33197950697950696 0.0 0.0 0.0 
0.0 0.3938531587933978 0.050000000000000044 0.0 0.0 0.0 0.0 0.3718133718133718 0.0 0.0 0.0 0.0 0.050000000000000044 0.0 0.050000000000000044 0.0 0.0 0.050000000000000044 0.0 0.0 0.3938531587933978 0.0 0.0 0.0 0.0 0.0 0.0 0.050000000000000044 0.050000000000000044 0.0 0.050000000000000044 0.0 0.0 0.0 0.0 0.050000000000000044 0.0 0.0 0.0 0.0 0.0 0.3718133718133718 0.0 0.0 0.0 0.0 0.0 0.0 0.0 
0.0 0.0 0.0 0.0 0.0 0.0 0.0 0.0 0.0 0.0 0.0 0.0 0.0 0.0 0.0 0.0 0.30281514698555045 0.0 0.0 0.0 0.4211670480549199 0.0 0.0 0.0 0.050000000000000044 0.0 0.0 0.0 0.0 0.0 0.0 0.0 0.0 0.0 0.0 0.4211670480549199 0.0 0.0 0.0 0.0 0.0 0.0 0.0 0.0 0.0 0.0 0.0 0.0 0.0 
0.21242401122295784 0.0 0.0 0.050000000000000044 0.22017225365194626 0.0 0.208916447277262 0.0 0.5084143605086013 0.21616719242902205 0.0 0.0 0.0 0.0 0.28544436196774403 0.0 0.0 0.28544436196774403 0.0 0.0 0.5344155844155845 0.0 0.0 0.0 0.0 0.050000000000000044 0.0 0.23409186683522965 0.22909552151429413 0.0 0.5084143605086013 0.050000000000000044 0.0 0.0 0.050000000000000044 0.0 0.21242401122295784 0.21616719242902205 0.0 0.0 0.0 0.050000000000000044 0.3244638992720834 0.22017225365194626 0.2755898366606171 0.2755898366606171 0.0 0.22446975648075418 0.22909552151429413 
