0.4610123119015048 0.0 0.0 0.0 0.542258883248731 0.09999999999999998 0.4553571428571428 0.0 0.8571428571428572 0.46704913209767585 0.0 0.0 0.0 0.0 0.5777400169923534 0.0 0.0 0.5777400169923534 0.0 0.0 0.5214285714285715 0.0 0.0 0.0 0.0 0.0 0.0 0.49594320486815424 0.4878957169459963 0.09999999999999998 0.8571428571428572 0.0 0.0 0.0 0.0 0.0 0.4610123119015048 0.46704913209767585 0.0 0.0 0.0 0.0 0.0 0.542258883248731 0.0 0.0 0.0 0.4804392587508579 0.4878957169459963 
0.37272165585418604 0.0 0.0 0.37272165585418604 0.0 0.0 0.0 0.43410852713178294 0.050000000000000044 0.09999999999999998 0.0 0.3204045058883769 0.0 0.0 0.31433262960356556 0.351027397260274 1.0 0.0 0.0 0.0 0.8333333333333333 0.0 0.0 0.351027397260274 0.0 0.09999999999999998 0.0 0.31433262960356556 0.3941679574382113 0.0 0.45717234262125905 0.09999999999999998 0.0 0.3204045058883769 0.09999999999999998 1.0 0.2901323130878368 0.0 0.3718133718133718 0.0 0.0 0.43410852713178294 0.0 0.0 0.050000000000000044 0.0 0.0 0.3941679574382113 0.3087378640776699 
0.0 0.0 0.0 0.0 0.0 0.0 0.0 0.0 0.0 0.09999999999999998 0.0 0.0 0.0 0.0 0.0 0.0 0.0 0.0 0.0 0.0 0.0 0.0 0.0 0.0 0.33738938053097356 0.0 0.0 0.0 0.0 0.0 0.0 0.0 0.0 0.33738938053097356 0.0 0.0 0.0 0.0 0.0 0.0 0.0 0.0 0.9222222222222223 0.0 0.8228413163897035 0.8228413163897035 0.0 0.0 0.0 
0.3180128794848207 0.3938531587933978 0.0 0.3180128794848207 0.5850605543363407 0.3390858280376694 0.33306155727680387 0.4783823771165543 0.050000000000000044 0.09999999999999998 0.0 0.5705954617719324 0.0 0.5366457187745484 0.25939583037866965 0.2936632333184057 0.0 0.0 0.0 0.050000000000000044 0.4904923599320883 0.0 0.5366457187745484 0.2936632333184057 0.6107785064522954 0.050000000000000044 0.0 0.25939583037866965 0.33306155727680387 0.5294221282593375 0.09999999999999998 0.050000000000000044 0.5486830154405087 0.6107785064522954 0.050000000000000044 0.050000000000000044 0.23669472374152556 0.0 0.3130871546832853 0.0 0.09999999999999998 0.4783823771165543 0.9222222222222223 0.5850605543363407 0.8228413163897035 0.8228413163897035 0.0 0.2178518026250208 0.0 
0.0 0.0 0.0 0.0 0.0 0.0 0.0 0.0 0.0 0.050000000000000044 0.6112656739811912 0.0 0.0 0.5861486486486487 0.0 0.0 0.0 0.0 0.050000000000000044 0.0 0.050000000000000044 0.0 0.5861486486486487 0.0 0.0 0.6685633001422475 0.0 0.0 0.0 0.0 0.0 0.0 0.600990099009901 0.600990099009901 0.600990099009901 0.0 0.0 0.0 0.0 0.0 0.0 0.6685633001422475 0.0 0.0 0.0 0.0 0.6685633001422475 0.0 0.0 
0.33989993746091307 0.0 0.0 0.0 0.529894560268392 0.208916447277262 0.33456486042692934 0.0 0.7380952380952381 0.34558823529411764 0.0 0.0 0.0 0.0 0.4501915708812261 0.0 0.0 0.4501915708812261 0.0 0.0 0.4253246753246753 0.0 0.0 0.0 0.0 0.0 0.0 0.37275985663082434 0.36519648482838674 0.208916447277262 0.7380952380952381 0.0 0.0 0.0 0.0 0.0 0.33989993746091307 0.34558823529411764 0.0 0.0 0.0 0.2966333030027297 0.050000000000000044 0.529894560268392 0.050000000000000044 0.050000000000000044 0.2966333030027297 0.35818713450292394 0.36519648482838674 
0.0 0.0 0.0 0.0 0.0 0.0 0.0 0.0 0.0 0.050000000000000044 0.050000000000000044 0.0 0.0 0.0 0.0 0.0 0.0 0.0 0.050000000000000044 0.0 0.050000000000000044 0.0 0.0 0.0 0.0 0.6685633001422475 0.0 0.0 0.0 0.0 0.0 0.0 0.0 0.0 0.0 0.0 0.0 0.0 0.0 0.0 0.0 0.6685633001422475 0.0 0.0 0.0 0.0 0.6685633001422475 0.0 0.0 
0.37761069340016706 0.0 0.0 0.0 0.389753940792003 0.0 0.37210756722951843 0.050000000000000044 0.7777777777777778 0.3834795059960623 0.0 0.0 0.0 0.0 0.4910498306724722 0.0 0.0 0.4910498306724722 0.0 0.0 0.4562818336162988 0.0 0.0 0.0 0.0 0.0 0.0 0.4115151515151515 0.4037128159248491 0.0 0.7777777777777778 0.0 0.0 0.0 0.0 0.0 0.37761069340016706 0.3834795059960623 0.0 0.0 0.0 0.050000000000000044 0.0 0.389753940792003 0.0 0.0 0.0 0.3964803312629399 0.4037128159248491 
0.28907701837703903 0.3354037267080745 0.050000000000000044 0.28907701837703903 0.2553178099433606 0.38820146392471244 0.38820146392471244 0.0 0.050000000000000044 0.725419734904271 0.6793678176172404 0.4365196803788103 0.09999999999999998 0.3996802557953637 0.050000000000000044 0.0 0.0 0.050000000000000044 0.725419734904271 0.0 0.7289707187222715 0.0 0.3996802557953637 0.0 0.4793028322440087 0.39202093908629454 0.0 0.050000000000000044 0.38820146392471244 0.2433442555805857 0.050000000000000044 0.35909186683522976 0.41280685502547476 0.4793028322440087 0.3299266727772685 0.050000000000000044 0.0 0.0 0.0 0.0 0.0 0.7289707187222715 0.3244638992720834 0.38820146392471244 0.2755898366606171 0.2755898366606171 0.2966333030027297 0.0 0.0 
0.050000000000000044 0.0 0.0 0.050000000000000044 0.0 0.0 0.0 0.0 0.050000000000000044 0.050000000000000044 0.0 0.0 0.0 0.0 0.0 0.0 0.0 0.0 0.0 0.0 0.050000000000000044 0.0 0.0 0.0 0.0 0.6922475106685633 0.0 0.0 0.0 0.0 0.050000000000000044 0.050000000000000044 0.0 0.0 0.050000000000000044 0.0 0.0 0.0 0.0 0.0 0.0 0.6922475106685633 0.0 0.0 0.050000000000000044 0.0 0.6685633001422475 0.0 0.0 
0.2836808340016038 0.0 0.0 0.2682759000330288 0.0 0.22400110987791344 0.22400110987791344 0.0 0.0 0.0 0.0 0.2555432372505544 0.0 0.23147444423332697 0.0 0.2836808340016038 0.0 0.0 0.0 0.0 0.0 0.0 0.23147444423332697 0.0 0.2836808340016038 0.0 0.0 0.0 0.22400110987791344 0.0 0.8 0.0 0.24003504161191414 0.2836808340016038 0.0 0.0 0.0 0.0 0.0 0.0 0.8 0.0 0.342741935483871 0.22400110987791344 0.2926937926937927 0.2926937926937927 0.0 0.0 0.0 
0.050000000000000044 0.0 0.0 0.0 0.0 0.0 0.0 0.0 0.0 0.0 0.5794474921630094 0.0 0.0 0.5861486486486487 0.0 0.050000000000000044 0.0 0.0 0.0 0.050000000000000044 0.050000000000000044 0.0 0.5861486486486487 0.0 0.050000000000000044 0.0 0.0 0.0 0.0 0.0 0.0 0.0 0.600990099009901 0.600990099009901 0.600990099009901 0.050000000000000044 0.0 0.0 0.0 0.0 0.0 0.600990099009901 0.0 0.0 0.0 0.0 0.0 0.0 0.0 
0.050000000000000044 0.0 0.0 0.050000000000000044 0.0 0.3718133718133718 0.0 0.0 0.050000000000000044 0.4261536478473833 0.2590886760009825 0.0 0.0 0.0 0.75 0.0 0.0 0.5022915564956814 0.288412852969815 0.0 0.050000000000000044 0.050000000000000044 0.0 0.0 0.0 0.46093051605038604 0.0 0.41483918128654973 0.0 0.0 0.3482905982905983 0.4261536478473833 0.0 0.0 0.39484441732763886 0.75 0.0 0.0 0.0 0.0 0.0 0.46093051605038604 0.0 0.3718133718133718 0.050000000000000044 0.0 0.0 0.0 0.0 
0.0 0.0 0.0 0.0 0.09999999999999998 0.09999999999999998 0.0 0.0 0.0 0.0 0.0 0.0 0.0 0.0 0.0 0.0 0.0 0.0 0.0 0.0 0.0 0.0 0.0 0.0 0.0 0.5952380952380952 0.0 0.0 0.0 0.09999999999999998 0.050000000000000044 0.0 0.0 0.0 0.0 0.0 0.0 0.0 0.0 0.0 0.0 0.5952380952380952 0.0 0.09999999999999998 0.0 0.0 0.5952380952380952 0.0 0.0 
0.0 0.0 0.0 0.0 0.0 0.0 0.0 0.050000000000000044 0.0 0.0 0.0 0.0 0.0 0.0 0.0 0.0 0.0 0.0 0.0 0.0 0.0 0.0 0.0 0.0 0.0 0.5082191780821917 0.0 0.0 0.0 0.0 0.0 0.0 0.0 0.0 0.0 0.0 0.0 0.0 0.0 0.0 0.0 0.5082191780821917 0.0 0.0 0.0 0.0 0.5082191780821917 0.0 0.0 
0.0 0.0 0.0 0.0 0.36292223095051057 0.21602787456445993 0.21602787456445993 0.050000000000000044 0.0 0.0 0.0 0.2470839081901417 0.0 0.22338772338772328 0.0 0.0 0.0 0.0 0.0 0.0 0.0 0.0 0.22338772338772328 0.0 0.27479674796747966 0.0 0.0 0.0 0.21602787456445993 0.34563543003851094 0.0 0.0 0.2318163751987281 0.27479674796747966 0.0 0.0 0.0 0.0 0.0 0.0 0.0 0.050000000000000044 0.0 0.36292223095051057 0.0 0.0 0.0 0.0 0.0 
0.71875 0.0 0.0 0.0 0.0 0.0 0.0 0.0 0.0 0.0 0.0 0.7692307692307692 0.0 0.0 0.7592592592592593 0.050000000000000044 0.0 0.0 0.0 0.050000000000000044 0.050000000000000044 0.0 0.0 0.0 0.050000000000000044 0.0 0.0 0.7592592592592593 0.75 0.0 0.5091603053435114 0.0 0.0 0.7692307692307692 0.0 0.050000000000000044 0.71875 0.0 0.0 0.0 0.0 0.0 0.0 0.0 0.0 0.0 0.0 0.0 0.75 
0.0 0.0 0.0 0.0 0.0 0.0 0.0 0.0 0.0 0.0 0.0 0.3160091838864538 0.0 0.09999999999999998 0.0 0.0 0.0 0.0 0.0 0.0 0.0 0.0 0.09999999999999998 0.0 0.09999999999999998 0.0 0.0 0.0 0.5243015690776884 0.0 0.09999999999999998 0.0 0.09999999999999998 0.3160091838864538 0.0 0.0 0.0 0.0 0.0 0.0 0.09999999999999998 0.0 0.0 0.0 0.0 0.0 0.0 0.5243015690776884 0.0 
0.0 0.0 0.7481684981684982 0.0 0.0 0.0 0.0 0.0 0.0 0.0 0.0 0.449945295404814 0.0 0.4230359047280483 0.0 0.0 0.0 0.0 0.0 0.0 0.0 0.0 0.4230359047280483 0.0 0.48193277310924365 0.0 0.0 0.0 0.0 0.5400354943104708 0.7481684981684982 0.0 0.43253968253968256 0.48193277310924365 0.0 0.0 0.0 0.0 0.0 0.0 0.0 0.0 0.0 0.5400354943104708 0.0 0.0 0.0 0.0 0.0 
0.2590886760009825 0.0 0.0 0.0 0.0 0.0 0.0 0.0 0.0 0.09999999999999998 0.0 0.288412852969815 0.0 0.0 0.2825412915151154 0.050000000000000044 0.0 0.0 0.0 0.050000000000000044 0.050000000000000044 0.0 0.0 0.0 0.36779350992480175 0.0 0.0 0.2825412915151154 0.277127308707124 0.0 0.42092791219755554 0.0 0.0 0.36779350992480175 0.0 0.050000000000000044 0.2590886760009825 0.0 0.0 0.0 0.0 0.0 0.95 0.0 0.863003663003663 0.863003663003663 0.0 0.0 0.277127308707124 
0.4187808896210873 0.0 0.0 0.0 0.0 0.34563543003851094 0.0 0.0 0.0 0.0 0.0 0.449945295404814 0.0 0.0 0.44365145228215763 0.050000000000000044 0.0 0.0 0.0 0.050000000000000044 0.050000000000000044 0.43019498607242346 0.0 0.0 0.050000000000000044 0.0 0.0 0.44365145228215763 0.4378698224852071 0.0 0.5934065934065934 0.0 0.0 0.449945295404814 0.0 0.050000000000000044 0.4187808896210873 0.0 0.0 0.050000000000000044 0.0 0.0 0.0 0.34563543003851094 0.43019498607242346 0.0 0.0 0.0 0.4378698224852071 
0.43019498607242346 0.0 0.0 0.0 0.2817218117571475 0.0 0.0 0.0 0.0 0.0 0.0 0.0 0.0 0.0 0.29704684317718943 0.43019498607242346 0.0 0.0 0.0 0.0 0.5013297872340425 0.0 0.0 0.0 0.0 0.0 0.0 0.29704684317718943 0.0 0.0 0.0 0.0 0.0 0.0 0.0 0.0 0.27321428571428574 0.0 0.0 0.0 0.0 0.0 0.0 0.2817218117571475 0.0 0.0 0.0 0.0 0.0 
0.3718133718133718 0.0 0.0 0.050000000000000044 0.40601503759398494 0.2433442555805857 0.2433442555805857 0.050000000000000044 0.050000000000000044 0.050000000000000044 0.5794474921630094 0.27591857857512503 0.0 0.5861486486486487 0.0 0.050000000000000044 0.0 0.0 0.0 0.050000000000000044 0.3380559540889526 0.0 0.5861486486486487 0.0 0.3049886621315192 0.6922475106685633 0.0 0.0 0.2433442555805857 0.38820146392471244 0.050000000000000044 0.050000000000000044 0.600990099009901 0.600990099009901 0.630990099009901 0.050000000000000044 0.0 0.0 0.0 0.3718133718133718 0.0 0.6922475106685633 0.0 0.40601503759398494 0.050000000000000044 0.0 0.6700293255131965 0.0 0.0 
0.22957685664939542 0.39482006543075243 0.0 0.19927536231884058 0.0 0.0 0.0 0.368084906546445 0.0 0.0 0.0 0.3566682362789724 0.0 0.31935160427807485 0.0 0.21268417680973728 0.0 0.0 0.0 0.0 0.39482006543075243 0.0 0.31935160427807485 0.21268417680973728 0.40092165898617504 0.0 0.0 0.0 0.1750456280073005 0.0 0.0 0.0 0.3325939071280687 0.40092165898617504 0.0 0.0 0.16448408606585552 0.0 0.22957685664939542 0.050000000000000044 0.0 0.368084906546445 0.2657657657657658 0.0 0.2206066291432145 0.2206066291432145 0.0 0.1750456280073005 0.0 
0.3556495468277946 0.050000000000000044 0.0 0.3556495468277946 0.3196123310206709 0.5731648031113272 0.5731648031113272 0.0 0.0 0.0 0.0 0.5372978612415232 0.0 0.4996565934065934 0.0 0.0 0.0 0.0 0.0 0.0 0.050000000000000044 0.0 0.4996565934065934 0.0 0.5810276679841897 0.0 0.0 0.0 0.5731648031113272 0.30692413951882114 0.0 0.0 0.5130522088353413 0.5810276679841897 0.0 0.0 0.0 0.0 0.0 0.0 0.0 0.0 0.0 0.5731648031113272 0.0 0.0 0.0 0.0 0.0 
0.351027397260274 0.0 0.0 0.0 0.426497277676951 0.0 0.34563543003851094 0.0 0.75 0.35677655677655684 0.0 0.0 0.0 0.0 0.4623552123552124 0.0 0.0 0.4623552123552124 0.0 0.0 0.43452380952380953 0.0 0.0 0.0 0.3565721256480635 0.0 0.0 0.3842364532019704 0.37659380692167577 0.0 0.75 0.0 0.0 0.3565721256480635 0.0 0.0 0.351027397260274 0.35677655677655684 0.0 0.0 0.0 0.0 0.94 0.426497277676951 0.8480730223123732 0.8480730223123732 0.0 0.3695101351351351 0.37659380692167577 
0.0 0.0 0.7962962962962963 0.0 0.0 0.0 0.0 0.0 0.0 0.0 0.0 0.28800427464600586 0.0 0.25939336257551926 0.0 0.0 0.6568181818181819 0.0 0.0 0.0 0.0 0.0 0.25939336257551926 0.0 0.32152358430809513 0.0 0.0 0.0 0.2063753649119503 0.4664199639434481 0.7962962962962963 0.0 0.2695726374173363 0.32152358430809513 0.0 0.6568181818181819 0.0 0.0 0.0 0.0 0.0 0.0 0.0 0.4664199639434481 0.0 0.0 0.0 0.2063753649119503 0.0 
0.0 0.0 0.0 0.0 0.0 0.0 0.0 0.0 0.0 0.09999999999999998 0.0 0.0 0.0 0.0 0.0 0.0 0.2836808340016038 0.0 0.0 0.0 0.0 0.0 0.0 0.0 0.0 0.0 0.0 0.0 0.0 0.0 0.0 0.0 0.0 0.0 0.0 0.2836808340016038 0.0 0.0 0.0 0.0 0.0 0.0 0.44711475409836066 0.0 0.4026463512429832 0.4026463512429832 0.0 0.0 0.0 
0.71875 0.0 0.050000000000000044 0.050000000000000044 0.49355413478670995 0.47806790590295745 0.47806790590295745 0.0 0.8875 0.4911401098901099 0.3883515412984482 0.7692307692307692 0.050000000000000044 0.39481707317073167 0.9583333333333333 0.43452380952380953 0.0 0.9583333333333333 0.0 0.050000000000000044 1.0 0.0 0.39481707317073167 0.0 0.3081299056671707 0.050000000000000044 0.0 0.8548387096774194 0.75 0.208916447277262 0.8875 0.050000000000000044 0.40912980234448537 0.7692307692307692 0.40912980234448537 0.8529411764705883 0.71875 0.4911401098901099 0.0 0.0 0.7727272727272727 0.40912980234448537 0.8935483870967742 0.49355413478670995 0.7848143982002249 0.7848143982002249 0.3500609508329947 0.5060712573893593 0.75 
0.0 0.0 0.0 0.0 0.0 0.0 0.0 0.050000000000000044 0.0 0.0 0.0 0.0 0.0 0.0 0.0 0.0 0.0 0.0 0.0 0.0 0.0 0.0 0.0 0.0 0.0 0.0 0.0 0.0 0.0 0.0 0.0 0.0 0.0 0.0 0.0 0.0 0.0 0.0 0.0 0.0 0.0 0.050000000000000044 0.0 0.0 0.0 0.0 0.0 0.0 0.0 
0.41247379454926625 0.0 0.0 0.050000000000000044 0.4248366013071896 0.47806790590295745 0.47806790590295745 0.0 0.8875 0.4911401098901099 0.0 0.0 0.0 0.0 0.9583333333333333 0.0 0.0 0.9583333333333333 0.0 0.0 0.5165158371040723 0.0 0.0 0.0 0.0 0.050000000000000044 0.0 0.8548387096774194 0.5143698060941828 0.0 0.8875 0.050000000000000044 0.0 0.0 0.050000000000000044 0.8529411764705883 0.41247379454926625 0.4911401098901099 0.0 0.0 0.0 0.3500609508329947 0.0 0.47806790590295745 0.050000000000000044 0.0 0.3500609508329947 0.5060712573893593 0.5143698060941828 
0.0 0.0 0.0 0.0 0.3755197505197505 0.22400110987791344 0.22400110987791344 0.0 0.0 0.0 0.0 0.5705954617719324 0.0 0.5366457187745484 0.0 0.0 0.0 0.0 0.0 0.0 0.0 0.0 0.5366457187745484 0.0 0.6107785064522954 0.0 0.0 0.0 0.22400110987791344 0.35805084745762716 0.09999999999999998 0.0 0.5486830154405087 0.6107785064522954 0.0 0.0 0.0 0.0 0.0 0.0 0.09999999999999998 0.0 0.0 0.3755197505197505 0.0 0.0 0.0 0.0 0.0 
0.2836808340016038 0.0 0.3938531587933978 0.2682759000330288 0.0 0.22400110987791344 0.22400110987791344 0.0 0.050000000000000044 0.050000000000000044 0.0 0.2650729252259655 0.0 0.2406141550110421 0.0 0.2836808340016038 0.0 0.0 0.0 0.0 0.050000000000000044 0.0 0.2406141550110421 0.0 0.2936632333184057 0.050000000000000044 0.0 0.0 0.22400110987791344 0.2330235553919764 1.0 0.050000000000000044 0.24931201942533388 0.2936632333184057 0.050000000000000044 0.0 0.0 0.0 0.0 0.0 1.0 0.32472440944881886 0.342741935483871 0.2330235553919764 0.2926937926937927 0.2926937926937927 0.32472440944881886 0.0 0.0 
0.0 0.0 0.0 0.0 0.0 0.0 0.0 0.0 0.0 0.09999999999999998 0.0 0.0 0.0 0.0 0.0 0.0 0.0 0.0 0.0 0.0 0.0 0.0 0.0 0.0 0.43019498607242346 0.0 0.0 0.0 0.0 0.0 0.0 0.0 0.0 0.43019498607242346 0.0 0.0 0.0 0.0 0.0 0.0 0.0 0.0 1.0 0.0 0.95 0.95 0.0 0.0 0.0 
0.37761069340016706 0.0 0.050000000000000044 0.0 0.389753940792003 0.0 0.37210756722951843 0.0 0.7777777777777778 0.3834795059960623 0.0 0.09999999999999998 0.09999999999999998 0.09999999999999998 0.521819061441703 0.0 0.30281514698555045 0.521819061441703 0.0 0.0 0.4562818336162988 0.0 0.09999999999999998 0.0 0.09999999999999998 0.0 0.0 0.4463636363636363 0.4037128159248491 0.0 0.7777777777777778 0.0 0.09999999999999998 0.09999999999999998 0.0 0.30281514698555045 0.37761069340016706 0.3834795059960623 0.0 0.050000000000000044 0.09999999999999998 0.0 0.0 0.389753940792003 0.0 0.0 0.0 0.3964803312629399 0.4037128159248491 
0.3822851175843539 0.4376283846872082 0.0 0.3822851175843539 0.40601503759398494 0.2433442555805857 0.2433442555805857 0.43410852713178294 0.050000000000000044 0.09999999999999998 0.6112656739811912 0.3622741173199888 0.0 0.5861486486486487 0.31433262960356556 0.351027397260274 0.0 0.0 0.050000000000000044 0.050000000000000044 0.4376283846872082 0.0 0.5861486486486487 0.351027397260274 0.4067248499961038 0.6922475106685633 0.0 0.31433262960356556 0.3941679574382113 0.38820146392471244 0.45717234262125905 0.09999999999999998 0.600990099009901 0.600990099009901 0.600990099009901 0.050000000000000044 0.2901323130878368 0.0 0.3718133718133718 0.3718133718133718 0.0 0.6922475106685633 0.8935483870967742 0.40601503759398494 0.7848143982002249 0.7848143982002249 0.6700293255131965 0.3941679574382113 0.3087378640776699 
0.37761069340016706 0.0 0.050000000000000044 0.0 0.6780716887099867 0.0 0.37210756722951843 0.0 0.7777777777777778 0.6685633001422475 0.36349924585218707 0.0 0.4081770081770082 0.2406141550110421 0.521819061441703 0.050000000000000044 0.2926937926937927 0.521819061441703 0.4054214015151515 0.050000000000000044 0.4562818336162988 0.0 0.2406141550110421 0.0 0.050000000000000044 0.0 0.0 0.4463636363636363 0.4037128159248491 0.35805084745762716 0.7777777777777778 0.43535825545171336 0.0 0.2406141550110421 0.3821774794929158 0.2926937926937927 0.37761069340016706 0.6685633001422475 0.0 0.0 0.0 0.3821774794929158 0.0 0.6780716887099867 0.0 0.0 0.0 0.3964803312629399 0.4037128159248491 
0.43019498607242346 0.0 0.050000000000000044 0.0 0.2817218117571475 0.2504967641965181 0.2504967641965181 0.0 0.0 0.0 0.0 0.3160091838864538 0.09999999999999998 0.25939336257551926 0.29704684317718943 0.43019498607242346 0.0 0.050000000000000044 0.0 0.0 0.5013297872340425 0.0 0.25939336257551926 0.0 0.32152358430809513 0.0 0.0 0.29704684317718943 0.5243015690776884 0.19146275149537795 0.09999999999999998 0.0 0.2695726374173363 0.32152358430809513 0.0 0.050000000000000044 0.27321428571428574 0.0 0.0 0.0 0.09999999999999998 0.0 0.0 0.2817218117571475 0.0 0.0 0.0 0.5243015690776884 0.0 
0.6666666666666666 0.42092791219755554 0.372702823845809 0.3410850599781897 0.6785714285714286 0.208916447277262 0.6612903225806451 0.5110151187904968 1.0 0.6724137931034483 0.36349924585218707 0.3968863205106089 0.0 0.37605485232067515 0.7777777777777778 0.3179868458678867 0.2926937926937927 0.7777777777777778 0.4054214015151515 0.050000000000000044 0.6818181818181818 0.0 0.37605485232067515 0.3179868458678867 0.4216553287981859 0.050000000000000044 0.0 0.7 0.6923076923076923 0.35805084745762716 1.0 0.43535825545171336 0.3834236920574683 0.4216553287981859 0.3821774794929158 0.2926937926937927 0.6666666666666666 0.6724137931034483 0.3380559540889526 0.0 0.09999999999999998 0.5110151187904968 0.94 0.6785714285714286 0.8480730223123732 0.8480730223123732 0.2966333030027297 0.6851851851851851 0.6923076923076923 
0.050000000000000044 0.0 0.0 0.0 0.40601503759398494 0.2433442555805857 0.2433442555805857 0.0 0.0 0.0 0.0 0.27591857857512503 0.0 0.25105485232067504 0.0 0.050000000000000044 0.0 0.0 0.0 0.050000000000000044 0.050000000000000044 0.0 0.25105485232067504 0.0 0.3049886621315192 0.525497512437811 0.0 0.0 0.2433442555805857 0.38820146392471244 0.0 0.0 0.2598942802927624 0.3049886621315192 0.0 0.050000000000000044 0.0 0.0 0.0 0.0 0.0 0.525497512437811 0.0 0.40601503759398494 0.0 0.0 0.525497512437811 0.0 0.0 
0.39375582479030746 0.0 0.0 0.0 0.40601503759398494 0.0 0.38820146392471244 0.0 0.7941176470588236 0.3996802557953637 0.0 0.3968863205106089 0.0 0.37605485232067515 0.5082191780821917 0.0 0.0 0.5082191780821917 0.0 0.0 0.4692982456140351 0.0 0.37605485232067515 0.0 0.4216553287981859 0.0 0.0 0.4279891304347826 0.42011019283746553 0.0 0.7941176470588236 0.0 0.3834236920574683 0.4216553287981859 0.0 0.0 0.39375582479030746 0.3996802557953637 0.0 0.0 0.09999999999999998 0.0 0.0 0.40601503759398494 0.0 0.0 0.0 0.41280685502547476 0.42011019283746553 
0.3422222222222222 0.0 0.8333333333333333 0.0 0.0 0.0 0.0 0.0 0.0 0.0 0.0 0.3118663594470046 0.0 0.2822033898305085 0.0 0.0 0.0 0.0 0.0 0.0 0.3094869811807166 0.0 0.2822033898305085 0.0 0.3464980114891737 0.0 0.0 0.0 0.22446975648075418 0.5060499609679938 0.8333333333333333 0.0 0.29276315789473695 0.3464980114891737 0.0 0.0 0.0 0.0 0.0 0.3422222222222222 0.0 0.3094869811807166 0.0 0.5060499609679938 0.0 0.0 0.0 0.22446975648075418 0.0 
0.0 0.0 0.0 0.0 0.0 0.0 0.0 0.0 0.0 0.0 0.0 0.09999999999999998 0.0 0.09999999999999998 0.0 0.0 0.0 0.0 0.0 0.0 0.0 0.0 0.09999999999999998 0.0 0.09999999999999998 0.0 0.0 0.0 0.5941628264208909 0.0 0.09999999999999998 0.0 0.09999999999999998 0.09999999999999998 0.0 0.0 0.0 0.0 0.0 0.0 0.09999999999999998 0.0 0.0 0.0 0.0 0.0 0.0 0.5941628264208909 0.0 
0.37761069340016706 0.0 0.0 0.0 0.389753940792003 0.0 0.37210756722951843 0.0 0.7777777777777778 0.3834795059960623 0.0 0.09999999999999998 0.0 0.09999999999999998 0.4910498306724722 0.0 0.30281514698555045 0.4910498306724722 0.0 0.0 0.4562818336162988 0.0 0.09999999999999998 0.0 0.09999999999999998 0.0 0.0 0.4115151515151515 0.4037128159248491 0.0 0.7777777777777778 0.0 0.09999999999999998 0.09999999999999998 0.0 0.30281514698555045 0.37761069340016706 0.3834795059960623 0.0 0.0 0.09999999999999998 0.0 0.0 0.389753940792003 0.0 0.0 0.0 0.3964803312629399 0.4037128159248491 
0.3180128794848207 0.3938531587933978 0.0 0.3180128794848207 0.5850605543363407 0.2330235553919764 0.2330235553919764 0.4783823771165543 0.050000000000000044 0.050000000000000044 0.0 0.2650729252259655 0.0 0.2406141550110421 0.25939583037866965 0.2936632333184057 0.0 0.0 0.0 0.0 0.4904923599320883 0.0 0.2406141550110421 0.2936632333184057 0.2936632333184057 0.050000000000000044 0.0 0.25939583037866965 0.2330235553919764 0.37210756722951843 0.050000000000000044 0.050000000000000044 0.24931201942533388 0.2936632333184057 0.050000000000000044 0.0 0.23669472374152556 0.0 0.3130871546832853 0.0 0.0 0.4783823771165543 0.0 0.5850605543363407 0.050000000000000044 0.0 0.0 0.0 0.0 
0.050000000000000044 0.0 0.0 0.050000000000000044 0.22017225365194626 0.0 0.0 0.0 0.050000000000000044 0.050000000000000044 0.5794474921630094 0.0 0.0 0.5861486486486487 0.0 0.0 0.0 0.0 0.0 0.0 0.050000000000000044 0.0 0.5861486486486487 0.0 0.0 0.050000000000000044 0.0 0.0 0.0 0.208916447277262 0.7727272727272727 0.050000000000000044 0.600990099009901 0.600990099009901 0.630990099009901 0.0 0.0 0.0 0.0 0.0 0.7727272727272727 0.630990099009901 0.3244638992720834 0.22017225365194626 0.2755898366606171 0.2755898366606171 0.0 0.0 0.0 
0.0 0.0 0.3556495468277946 0.0 0.3415354330708661 0.20252291631301989 0.20252291631301989 0.0 0.0 0.09999999999999998 0.0 0.4349751566213005 0.0 0.39481707317073167 0.0 0.0 0.09999999999999998 0.0 0.0 0.0 0.0 0.0 0.39481707317073167 0.0 0.4817643391521197 0.0 0.0 0.0 0.2178518026250208 0.4915220159506736 0.3556495468277946 0.0 0.40912980234448537 0.4817643391521197 0.0 0.09999999999999998 0.0 0.0 0.0 0.0 0.0 0.0 0.9222222222222223 0.4915220159506736 0.8228413163897035 0.8228413163897035 0.0 0.2178518026250208 0.0 
0.0 0.0 0.3556495468277946 0.0 0.3415354330708661 0.20252291631301989 0.20252291631301989 0.0 0.0 0.0 0.0 0.4349751566213005 0.0 0.39481707317073167 0.0 0.0 0.09999999999999998 0.0 0.0 0.0 0.0 0.0 0.39481707317073167 0.0 0.4817643391521197 0.0 0.0 0.0 0.2178518026250208 0.4915220159506736 0.3556495468277946 0.0 0.40912980234448537 0.4817643391521197 0.0 0.09999999999999998 0.0 0.0 0.0 0.0 0.0 0.0 0.0 0.4915220159506736 0.0 0.0 0.0 0.2178518026250208 0.0 
0.050000000000000044 0.3354037267080745 0.0 0.050000000000000044 0.0 0.0 0.0 0.0 0.050000000000000044 0.35909186683522976 0.1899543378995434 0.0 0.0 0.0 0.0 0.0 0.0 0.0 0.21560532984549996 0.0 0.3354037267080745 0.0 0.0 0.0 0.0 0.39202093908629454 0.0 0.0 0.0 0.0 0.050000000000000044 0.35909186683522976 0.0 0.0 0.3299266727772685 0.0 0.0 0.0 0.0 0.0 0.0 0.39202093908629454 0.0 0.0 0.050000000000000044 0.0 0.0 0.0 0.0 
0.45717234262125905 0.0 0.0 0.0 0.0 0.0 0.0 0.0 0.0 0.0 0.0 0.0 0.0 0.0 0.0 0.0 0.0 0.0 0.0 0.0 0.42092791219755554 0.0 0.0 0.0 0.0 0.0 0.0 0.0 0.0 0.0 0.0 0.0 0.0 0.0 0.0 0.0 0.0 0.0 0.0 0.45717234262125905 0.0 0.42092791219755554 0.0 0.0 0.0 0.0 0.0 0.0 0.0 
0.2836808340016038 0.0 0.0 0.050000000000000044 0.0 0.0 0.0 0.0 0.050000000000000044 0.050000000000000044 0.0 0.0 0.0 0.0 0.0 0.2836808340016038 0.0 0.0 0.0 0.0 0.050000000000000044 0.0 0.0 0.0 0.0 0.050000000000000044 0.0 0.0 0.0 0.0 0.8 0.050000000000000044 0.0 0.0 0.050000000000000044 0.0 0.0 0.0 0.0 0.0 0.8 0.050000000000000044 0.342741935483871 0.0 0.2926937926937927 0.2926937926937927 0.0 0.0 0.0 
0.0 0.0 0.0 0.0 0.0 0.0 0.0 0.0 0.0 0.725419734904271 0.6793678176172404 0.0 0.0 0.0 0.0 0.0 0.0 0.0 0.725419734904271 0.0 0.6786303630363036 0.0 0.0 0.0 0.0 0.0 0.0 0.0 0.0 0.0 0.0 0.0 0.0 0.0 0.0 0.0 0.0 0.0 0.0 0.0 0.0 0.6793678176172404 0.3244638992720834 0.0 0.2755898366606171 0.2755898366606171 0.2966333030027297 0.0 0.0 
0.0 0.0 0.0 0.0 0.0 0.0 0.0 0.0 0.0 0.0 0.0 0.0 0.0 0.0 0.0 0.0 1.0 0.0 0.0 0.0 0.8333333333333333 0.0 0.0 0.0 0.0 0.0 0.0 0.0 0.0 0.0 0.0 0.0 0.0 0.0 0.0 1.0 0.0 0.0 0.0 0.0 0.0 0.0 0.0 0.0 0.0 0.0 0.0 0.0 0.0 
0.619976833288782 0.42092791219755554 0.0 0.3410850599781897 0.4248366013071896 0.0 0.4068742655699178 0.5110151187904968 0.83125 0.4184476940382452 0.0 0.0 0.0 0.0 0.5278822055137845 0.3179868458678867 0.0 0.5278822055137845 0.0 0.0 0.5165158371040723 0.0 0.0 0.3179868458678867 0.0 0.050000000000000044 0.0 0.4470046082949308 0.4390554298642534 0.0 0.83125 0.050000000000000044 0.0 0.0 0.050000000000000044 0.0 0.619976833288782 0.4184476940382452 0.3380559540889526 0.0 0.0 0.5110151187904968 0.0 0.4248366013071896 0.050000000000000044 0.0 0.0 0.43168756530825503 0.4390554298642534 
0.37761069340016706 0.0 0.050000000000000044 0.0 0.389753940792003 0.0 0.37210756722951843 0.0 0.7777777777777778 0.3834795059960623 0.0 0.0 0.09999999999999998 0.0 0.521819061441703 0.0 0.30281514698555045 0.521819061441703 0.0 0.0 0.4562818336162988 0.0 0.0 0.0 0.0 0.0 0.0 0.4463636363636363 0.4037128159248491 0.0 0.7777777777777778 0.0 0.0 0.0 0.0 0.30281514698555045 0.37761069340016706 0.3834795059960623 0.0 0.0 0.0 0.0 0.0 0.389753940792003 0.0 0.0 0.0 0.3964803312629399 0.4037128159248491 
0.0 0.0 0.050000000000000044 0.0 0.0 0.0 0.20252291631301989 0.0 0.0 0.0 0.3883515412984482 0.0 0.050000000000000044 0.39481707317073167 0.050000000000000044 0.0 0.0 0.050000000000000044 0.0 0.0 0.0 0.0 0.39481707317073167 0.0 0.0 0.0 0.0 0.050000000000000044 0.20252291631301989 0.0 0.050000000000000044 0.0 0.40912980234448537 0.40912980234448537 0.40912980234448537 0.050000000000000044 0.0 0.0 0.0 0.0 0.0 0.40912980234448537 0.3166399572649572 0.0 0.2682759000330288 0.2682759000330288 0.28907701837703903 0.0 0.0 
0.0 0.0 0.0 0.0 0.0 0.0 0.0 0.0 0.0 0.22909552151429413 0.1854705558613099 0.0 0.0 0.0 0.0 0.0 0.0 0.0 0.2108118361153264 0.0 0.0 0.0 0.0 0.0 0.3081299056671707 0.2648221343873518 0.0 0.0 0.0 0.0 0.0 0.22909552151429413 0.0 0.3081299056671707 0.1967307926458055 0.0 0.0 0.0 0.0 0.0 0.0 0.2648221343873518 0.8935483870967742 0.0 0.7848143982002249 0.7848143982002249 0.0 0.0 0.0 
0.0 0.0 0.0 0.0 0.0 0.0 0.0 0.579229797979798 0.0 0.0 0.0 0.0 0.0 0.0 0.0 0.0 0.40980629539951574 0.0 0.0 0.0 0.0 0.0 0.0 0.0 0.0 0.0 0.0 0.0 0.0 0.0 0.0 0.0 0.0 0.0 0.0 0.40980629539951574 0.0 0.0 0.0 0.0 0.0 0.579229797979798 0.0 0.0 0.0 0.0 0.0 0.0 0.0 
0.45717234262125905 0.0 0.0 0.2178518026250208 0.18848195329087047 0.2865510083036773 0.2865510083036773 0.0 0.0 0.09999999999999998 0.0 0.49889361278933886 0.0 0.2969195903978512 0.20135524420583994 0.0 0.7638333333333334 0.0 0.0 0.0 0.42092791219755554 0.0 0.2969195903978512 0.0 0.3695101351351351 0.0 0.0 0.20135524420583994 0.2865510083036773 0.17808761435608722 0.3244779582366589 0.0 0.30878404296125816 0.49889361278933886 0.0 0.7638333333333334 0.18132612691193417 0.0 0.0 0.45717234262125905 0.0 0.42092791219755554 0.44711475409836066 0.2865510083036773 0.4026463512429832 0.4026463512429832 0.0 0.25171311100959337 0.1967307926458055 
0.0 0.0 0.0 0.0 0.0 0.0 0.0 0.0 0.0 0.09999999999999998 0.0 0.0 0.0 0.0 0.0 0.0 0.0 0.0 0.0 0.0 0.0 0.0 0.0 0.0 0.36779350992480175 0.0 0.0 0.0 0.0 0.0 0.0 0.0 0.0 0.36779350992480175 0.0 0.0 0.0 0.0 0.0 0.0 0.0 0.0 0.95 0.0 0.863003663003663 0.863003663003663 0.0 0.0 0.0 
0.0 0.0 0.0 0.0 0.4954248366013072 0.3390858280376694 0.2553020442538856 0.0 0.0 0.0 0.0 0.288412852969815 0.0 0.2631336405529954 0.0 0.0 0.0 0.0 0.0 0.0 0.0 0.0 0.2631336405529954 0.0 0.3179868458678867 0.0 0.0 0.0 0.2553020442538856 0.4798472385428907 0.050000000000000044 0.0 0.27211714460036607 0.3179868458678867 0.0 0.0 0.0 0.0 0.0 0.0 0.0 0.0 0.0 0.4954248366013072 0.0 0.0 0.0 0.0 0.0 
0.0 0.0 0.0 0.0 0.0 0.0 0.0 0.0 0.0 0.0 0.0 0.0 0.0 0.0 0.0 0.0 0.7638333333333334 0.0 0.0 0.0 0.0 0.0 0.0 0.0 0.0 0.0 0.0 0.0 0.0 0.0 0.0 0.0 0.0 0.0 0.0 0.7638333333333334 0.0 0.0 0.0 0.0 0.0 0.0 0.0 0.0 0.0 0.0 0.0 0.0 0.0 
0.25962112171837703 0.0 0.0 0.050000000000000044 0.0 0.0 0.0 0.0 0.050000000000000044 0.6489842962109207 0.0 0.0 0.0 0.0 0.0 0.0 0.0 0.0 0.0 0.0 0.050000000000000044 0.0 0.0 0.25962112171837703 0.0 0.7092527488967013 0.0 0.0 0.0 0.0 0.050000000000000044 0.6489842962109207 0.0 0.0 0.5960670255252648 0.0 0.0 0.0 0.0 0.0 0.0 0.7092527488967013 0.0 0.0 0.050000000000000044 0.0 0.0 0.0 0.0 
0.3718133718133718 0.0 0.0 0.0 0.0 0.0 0.0 0.0 0.0 0.0 0.0 0.0 0.0 0.0 0.0 0.0 0.0 0.0 0.0 0.0 0.3380559540889526 0.0 0.0 0.0 0.0 0.5082191780821917 0.0 0.0 0.0 0.0 0.0 0.0 0.0 0.0 0.0 0.0 0.0 0.0 0.0 0.3718133718133718 0.0 0.6700293255131965 0.0 0.0 0.0 0.0 0.6700293255131965 0.0 0.0 
0.0 0.0 0.3938531587933978 0.0 0.0 0.0 0.0 0.0 0.0 0.0 0.0 0.2650729252259655 0.0 0.2406141550110421 0.0 0.0 0.0 0.0 0.0 0.0 0.0 0.0 0.2406141550110421 0.0 0.2936632333184057 0.0 0.0 0.0 0.0 0.2330235553919764 0.8157894736842105 0.0 0.24931201942533388 0.2936632333184057 0.0 0.0 0.0 0.0 0.0 0.0 0.8157894736842105 0.32472440944881886 0.0 0.2330235553919764 0.0 0.0 0.32472440944881886 0.0 0.0 
0.0 0.0 0.0 0.0 0.0 0.0 0.0 0.0 0.0 0.0 0.0 0.0 0.0 0.0 0.0 0.0 0.0 0.0 0.0 0.0 0.0 0.0 0.0 0.0 0.050000000000000044 0.0 0.0 0.0 0.0 0.0 0.0 0.0 0.0 0.0 0.0 0.0 0.0 0.0 0.0 0.0 0.0 0.0 0.0 0.0 0.0 0.0 0.0 0.0 0.0 
0.3422222222222222 0.0 1.0 0.0 0.0 0.0 0.0 0.0 0.0 0.0 0.0 0.44210419210419205 0.050000000000000044 0.4094827586206896 0.050000000000000044 0.0 0.6568181818181819 0.050000000000000044 0.0 0.0 0.3094869811807166 0.0 0.4094827586206896 0.0 0.480251071647275 0.0 0.0 0.050000000000000044 0.3244779582366589 0.7352941176470589 1.0 0.0 0.42106918238993707 0.480251071647275 0.0 0.6568181818181819 0.0 0.0 0.0 0.3422222222222222 0.0 0.3094869811807166 0.0 0.7352941176470589 0.0 0.0 0.0 0.3244779582366589 0.0 
0.050000000000000044 0.0 0.0 0.050000000000000044 0.0 0.0 0.0 0.0 0.050000000000000044 0.4261536478473833 0.2590886760009825 0.0 0.0 0.0 0.0 0.0 0.0 0.0 0.288412852969815 0.0 0.050000000000000044 0.0 0.0 0.0 0.3081299056671707 0.46093051605038604 0.0 0.0 0.0 0.0 0.050000000000000044 0.4261536478473833 0.0 0.3081299056671707 0.39484441732763886 0.0 0.0 0.0 0.0 0.0 0.0 0.46093051605038604 0.8935483870967742 0.0 0.7848143982002249 0.7848143982002249 0.0 0.0 0.0 
0.351027397260274 0.0 0.372702823845809 0.0 0.36292223095051057 0.0 0.34563543003851094 0.0 0.75 0.35677655677655684 0.0 0.2470839081901417 0.0 0.22338772338772328 0.4623552123552124 0.0 0.09999999999999998 0.4623552123552124 0.0 0.0 0.43452380952380953 0.0 0.22338772338772328 0.0 0.27479674796747966 0.0 0.0 0.3842364532019704 0.5552438114855986 0.21602787456445993 0.75 0.0 0.2318163751987281 0.27479674796747966 0.0 0.09999999999999998 0.351027397260274 0.35677655677655684 0.0 0.0 0.0 0.0 0.0 0.36292223095051057 0.0 0.0 0.0 0.5552438114855986 0.37659380692167577 
0.6666666666666666 0.0 1.0 0.050000000000000044 0.6785714285714286 0.3718133718133718 0.6612903225806451 0.579229797979798 1.0 0.6724137931034483 0.0 0.44210419210419205 0.050000000000000044 0.4094827586206896 0.7777777777777778 0.0 0.40980629539951574 0.7777777777777778 0.0 0.0 0.6818181818181818 0.050000000000000044 0.4094827586206896 0.25962112171837703 0.480251071647275 0.7092527488967013 0.0 0.7 0.6923076923076923 0.7352941176470589 1.0 0.6489842962109207 0.42106918238993707 0.480251071647275 0.5960670255252648 0.75 0.6666666666666666 0.6724137931034483 0.0 0.0 1.0 0.7092527488967013 0.0 0.7352941176470589 0.050000000000000044 0.0 0.0 0.6851851851851851 0.6923076923076923 
0.37761069340016706 0.0 0.050000000000000044 0.0 0.5850605543363407 0.0 0.37210756722951843 0.0 0.7777777777777778 0.3834795059960623 0.0 0.0 0.4081770081770082 0.2406141550110421 0.521819061441703 0.0 0.2926937926937927 0.521819061441703 0.0 0.0 0.4562818336162988 0.0 0.2406141550110421 0.0 0.0 0.0 0.0 0.4463636363636363 0.4037128159248491 0.2330235553919764 0.7777777777777778 0.0 0.0 0.2406141550110421 0.0 0.2926937926937927 0.37761069340016706 0.3834795059960623 0.0 0.050000000000000044 0.0 0.0 0.0 0.5850605543363407 0.0 0.0 0.0 0.3964803312629399 0.4037128159248491 
0.2195880452342488 0.0 0.7481684981684982 0.2178518026250208 0.5474613686534217 0.34563543003851094 0.33306155727680387 0.050000000000000044 0.0 0.09999999999999998 0.0 0.49889361278933886 0.0 0.4230359047280483 0.24158473105841527 0.050000000000000044 0.09999999999999998 0.0 0.0 0.050000000000000044 0.050000000000000044 0.43019498607242346 0.4230359047280483 0.0 0.48193277310924365 0.0 0.0 0.24158473105841527 0.33306155727680387 0.5400354943104708 0.7481684981684982 0.0 0.43253968253968256 0.49889361278933886 0.0 0.09999999999999998 0.2195880452342488 0.0 0.0 0.0 0.0 0.050000000000000044 1.0 0.5474613686534217 0.95 0.95 0.0 0.25171311100959337 0.2365125240847784 
0.3822851175843539 0.4376283846872082 0.0 0.3822851175843539 0.0 0.0 0.0 0.3726336931960834 0.0 0.0 0.0 0.3622741173199888 0.0 0.32472440944881886 0.0 0.21602787456445993 0.0 0.0 0.0 0.0 0.4376283846872082 0.0 0.32472440944881886 0.21602787456445993 0.4067248499961038 0.0 0.0 0.0 0.0 0.0 0.0 0.0 0.3380559540889526 0.4067248499961038 0.0 0.0 0.16742501456027958 0.0 0.2330235553919764 0.0 0.0 0.3726336931960834 0.26937077483099325 0.0 0.22400110987791344 0.22400110987791344 0.0 0.0 0.0 
