0.0 0.0 0.0 0.0 0.0 0.0 0.0 0.0 0.0 0.09999999999999998 0.0 0.0 0.0 0.0 0.0 0.0 0.0 0.0 0.0 0.0 0.0 0.0 0.0 0.0 0.0 0.0 0.0 0.0 0.0 0.0 0.0 0.0 0.0 0.36779350992480175 0.0 0.0 0.0 0.0 0.0 0.0 0.0 0.0 0.95 0.0 0.0 0.863003663003663 0.0 0.0 0.0 
0.0 0.0 0.0 0.0 0.0 0.0 0.0 0.0 0.0 0.0 0.0 0.0 0.0 0.0 0.0 0.0 0.09999999999999998 0.0 0.0 0.0 0.0 0.0 0.0 0.0 0.0 0.0 0.0 0.0 0.0 0.0 0.0 0.0 0.0 0.0 0.0 0.0 0.0 0.0 0.0 0.0 0.0 0.0 0.0 0.0 0.0 0.0 0.0 0.0 0.0 
0.61458257382428 0.0 0.0 0.0 0.0 0.0 0.19146275149537795 0.0 0.0 0.3204045058883769 0.19482585721448675 0.22080523076016856 0.0 0.1984146567145766 0.0 0.050000000000000044 0.0 0.0 0.22080523076016856 0.5376605814739689 0.0 0.0 0.1984146567145766 0.0 0.0 0.0 0.0 0.0 0.0 0.0 0.0 0.23950922579417921 0.0 0.0 0.2063753649119503 0.09999999999999998 0.0 0.1984146567145766 0.0 0.0 0.0 0.0 0.0 0.0 0.0 0.0 0.0 0.0 0.0 
0.0 0.0 0.0 0.2682759000330288 0.0 0.0 0.0 0.36082693947144073 0.0 0.0 0.0 0.2555432372505544 0.0 0.0 0.0 0.2836808340016038 0.0 0.0 0.0 0.0 0.0 0.0 0.0 0.2836808340016038 0.0 0.0 0.8578947368421053 0.24995743594109143 0.0 0.0 0.3826735994632673 0.0 0.0 0.0 0.0 0.0 0.2276159175697282 0.0 0.30281514698555045 0.0 0.0 0.0 0.0 0.0 0.0 0.0 0.0 0.31270262304745056 0.2448051948051948 
0.09999999999999998 0.0 0.0 0.0 0.0 0.0 0.0 0.0 0.0 0.0 0.0 0.0 0.0 0.0 0.0 0.050000000000000044 0.6111111111111112 0.0 0.0 0.09999999999999998 0.0 0.0 0.0 0.0 0.0 0.0 0.0 0.0 0.0 0.0 0.0 0.0 0.0 0.0 0.0 0.9 0.0 0.0 0.0 0.0 0.0 0.0 0.0 0.0 0.0 0.0 0.0 0.0 0.0 
0.0 0.0 0.0 0.2448575786306113 0.2136164171399071 0.3246124031007751 0.3246124031007751 0.0 0.0 0.0 0.0 0.5557797205409848 0.0 0.335519058708175 0.0 0.0 0.0 0.0 0.0 0.0 0.0 0.0 0.335519058708175 0.0 0.0 0.0 0.0 0.22733554005848888 0.0 0.20252291631301989 0.3556495468277946 0.0 0.34798534798534786 0.4113520408163265 0.0 0.0 0.20598006644518274 0.0 0.0 0.0 0.0 0.0 0.0 0.0 0.0 0.0 0.0 0.2842833626293909 0.22241086587436332 
0.09999999999999998 0.0 0.0 0.0 0.0 0.0 0.0 0.0 0.0 0.0 0.0 0.0 0.0 0.0 0.0 0.050000000000000044 0.8333333333333333 0.0 0.0 0.09999999999999998 0.0 0.0 0.0 0.0 0.0 0.0 0.0 0.0 0.0 0.0 0.0 0.0 0.0 0.0 0.0 1.0 0.0 0.0 0.0 0.0 0.0 0.0 0.0 0.0 0.0 0.0 0.0 0.0 0.0 
0.0 0.0 0.0 0.30859848067819007 0.2356036941464077 0.0 0.22400110987791344 0.36082693947144073 0.050000000000000044 0.0 0.0 0.2555432372505544 0.0 0.0 0.0 0.2836808340016038 0.0 0.0 0.0 0.0 0.47977611940298504 0.0 0.0 0.2836808340016038 0.0 0.09999999999999998 0.0 0.5311511701454775 0.0 0.0 0.3826735994632673 0.09999999999999998 0.0 0.0 0.09999999999999998 0.0 0.6048246463863592 0.0 0.30281514698555045 0.0 0.0 0.0 0.0 0.0 0.050000000000000044 0.0 0.0 0.5124056094929881 0.2448051948051948 
0.0 0.3637459807073955 0.4692982456140351 0.25186289120715355 0.22017225365194626 0.33456486042692934 0.33456486042692934 0.0 0.0 0.0 0.0 0.8488961038961039 0.0 0.806470588235294 0.0 0.0 0.0 0.0 0.0 0.0 0.0 0.0 0.806470588235294 0.0 0.0 0.0 0.0 0.0 0.0 0.4509754456777666 0.0 0.0 0.8215389016018306 0.9342115111144376 0.0 0.0 0.0 0.0 0.0 0.0 0.09999999999999998 0.0 0.3244638992720834 0.0 0.0 0.2755898366606171 0.0 0.22446975648075418 0.0 
0.0 0.3150875796178344 0.4094827586206896 0.20966924802779185 0.18089762093207318 0.5506115357887422 0.27508143322475576 0.0 0.0 0.0 0.0 0.6736480806948726 0.0 0.6111111111111112 0.7 0.0 0.0 0.4504686137750654 0.0 0.2773215885338908 0.0 0.0 0.6111111111111112 0.0 0.6111111111111112 0.0 0.0 0.3657450796626054 0.0 0.37279285241561877 0.0 0.0 0.754169148302561 0.8846153846153846 0.0 0.0 0.0 0.0 0.0 0.0 0.0 0.0 0.36079774375503626 0.0 0.0 0.3018650996423097 0.0 0.1847826086956521 0.0 
0.0 0.0 0.0 0.25962112171837703 0.0 0.0 0.0 0.351027397260274 0.0 0.0 0.050000000000000044 0.2470839081901417 0.0 0.0 0.0 0.27479674796747966 0.0 0.0 0.050000000000000044 0.0 0.0 0.0 0.0 0.27479674796747966 0.0 0.0 0.0 0.24158473105841527 0.0 0.0 0.372702823845809 0.0 0.0 0.0 0.0 0.0 0.2195880452342488 0.0 0.2936632333184057 0.0 0.0 0.050000000000000044 0.0 0.0 0.0 0.0 0.0 0.30217485718103765 0.2365125240847784 
0.0 0.0 0.0 0.0 0.0 0.0 0.0 0.0 0.0 0.0 0.0 0.0 0.0 0.0 0.0 0.0 0.0 0.0 0.0 0.0 0.0 0.050000000000000044 0.0 0.0 0.0 0.0 0.0 0.0 0.0 0.0 0.0 0.0 0.0 0.0 0.0 0.0 0.0 0.0 0.0 0.0 0.0 0.0 0.0 0.0 0.0 0.0 0.0 0.0 0.0 
0.0 0.050000000000000044 0.0 0.0 0.0 0.0 0.0 0.0 0.0 0.0 0.0 0.0 0.0 0.0 0.0 0.0 0.0 0.0 0.0 0.0 0.0 0.0 0.0 0.0 0.0 0.0 0.0 0.0 0.0 0.0 0.0 0.0 0.0 0.0 0.0 0.0 0.0 0.0 0.0 0.0 0.0 0.0 0.0 0.0 0.0 0.0 0.0 0.0 0.0 
0.0 0.0 0.0 0.0 0.2356036941464077 0.22400110987791344 0.0 0.09999999999999998 0.0 0.36082693947144073 0.2276159175697282 0.0 0.0 0.0 0.0 0.0 0.0 0.0 0.2555432372505544 0.0 0.0 0.0 0.0 0.0 0.0 0.0 0.0 0.0 0.0 0.22400110987791344 0.0 0.2755898366606171 0.0 0.0 0.24003504161191414 0.0 0.0 0.23147444423332697 0.0 0.0 0.0 0.0 0.0 0.3826735994632673 0.0 0.0 0.0 0.24003504161191414 0.0 
0.0 0.0 0.0 0.3186378585404438 0.0 0.0 0.0 0.0 0.0 0.09999999999999998 0.0 0.0 0.0 0.0 0.0 0.33738938053097356 0.0 0.0 0.0 0.0 0.0 0.0 0.0 0.33738938053097356 0.0 0.28907701837703903 0.0 0.0 0.0 0.0 0.0 0.0 0.0 0.33738938053097356 0.0 0.0 0.2691511387163561 0.0 0.36073314694004355 0.0 0.0 0.0 0.9222222222222223 0.0 0.0 0.8228413163897035 0.28907701837703903 0.0 0.0 
0.0 0.0 0.0 0.0 0.0 0.0 0.0 0.0 0.0 0.0 0.0 0.09999999999999998 0.0 0.09999999999999998 0.0 0.0 0.0 0.0 0.0 0.0 0.0 0.0 0.09999999999999998 0.0 0.0 0.0 0.0 0.0 0.0 0.0 0.0 0.0 0.09999999999999998 0.09999999999999998 0.0 0.0 0.0 0.0 0.0 0.0 0.09999999999999998 0.0 0.0 0.0 0.0 0.0 0.0 0.7666666666666666 0.0 
0.0 0.0 0.511796357615894 0.0 0.0 0.0 0.0 0.0 0.0 0.0 0.0 0.0 0.09999999999999998 0.0 0.050000000000000044 0.0 0.3826735994632673 0.050000000000000044 0.0 0.0 0.0 0.0 0.0 0.0 0.0 0.0 0.0 0.050000000000000044 0.050000000000000044 0.30692413951882114 0.0 0.0 0.0 0.0 0.0 0.0 0.0 0.0 0.0 0.0 0.0 0.0 0.0 0.0 0.0 0.0 0.0 0.0 0.0 
0.0 0.0 0.0 0.0 0.0 0.0 0.0 0.0 0.0 0.0 0.0 0.0 0.0 0.0 0.0 0.0 0.0 0.0 0.0 0.0 0.0 0.0 0.0 0.0 0.050000000000000044 0.0 0.0 0.0 0.0 0.0 0.0 0.0 0.0 0.0 0.0 0.0 0.0 0.0 0.0 0.0 0.0 0.0 0.0 0.0 0.0 0.0 0.0 0.0 0.0 
0.0 0.0 0.0 0.0 0.0 0.0 0.0 0.0 0.0 0.09999999999999998 0.0 0.0 0.0 0.0 0.0 0.0 0.0 0.0 0.0 0.0 0.0 0.0 0.0 0.0 0.0 0.0 0.75 0.0 0.0 0.0 0.0 0.0 0.0 0.3565721256480635 0.0 0.0 0.0 0.0 0.0 0.0 0.0 0.0 0.94 0.0 0.0 0.8904574940252646 0.0 0.0 0.0 
0.0 0.0 0.050000000000000044 0.0 0.0 0.29811200157333195 0.0 0.0 0.0 0.0 0.15910421094784832 0.18252192181220317 0.050000000000000044 0.0 0.8028571428571428 0.0 0.0 0.5637065637065637 0.18252192181220317 0.0 0.0 0.0 0.0 0.0 0.0 0.23344947735191635 0.0 0.6093275294047495 0.050000000000000044 0.0 0.0 0.19959455545902116 0.0 0.0 0.1694792671166827 0.0 0.15910421094784832 0.0 0.0 0.0 0.0 0.0 0.0 0.0 0.0 0.0 0.0 0.0 0.17347869177403374 
0.0 0.0 0.0 0.0 0.33817495280050347 0.09999999999999998 0.0 0.0 0.0 0.0 0.0 0.0 0.0 0.0 0.0 0.0 0.0 0.0 0.0 0.0 0.0 0.0 0.0 0.0 0.0 0.0 0.0 0.0 0.0 0.09999999999999998 0.050000000000000044 0.0 0.0 0.0 0.0 0.0 0.0 0.0 0.0 0.0 0.0 0.0 0.0 0.09999999999999998 0.0 0.0 0.0 0.0 0.0 
0.0 0.0 0.050000000000000044 0.0 0.0 0.30779742500576235 0.0 0.0 0.0 0.0 0.16448408606585552 0.18830337481435966 0.050000000000000044 0.0 0.8090909090909091 0.0 0.0 0.5716399286987521 0.18830337481435966 0.0 0.0 0.0 0.0 0.0 0.0 0.23984442523768368 0.0 0.6198581560283688 0.050000000000000044 0.0 0.0 0.20562178359715988 0.0 0.0 0.1750456280073005 0.0 0.16448408606585552 0.0 0.0 0.0 0.0 0.0 0.0 0.0 0.0 0.0 0.0 0.0 0.17911341853035145 
0.050000000000000044 0.0 0.0 0.0 0.5474613686534217 0.33306155727680387 0.33306155727680387 0.0 0.0 0.0 0.0 0.36808940672928303 0.0 0.3412997409936426 0.0 0.050000000000000044 0.0 0.0 0.0 0.050000000000000044 0.0 0.0 0.3412997409936426 0.0 0.0 0.0 0.0 0.0 0.0 0.5294221282593375 0.0 0.0 0.3507887013939839 0.399677245831092 0.0 0.050000000000000044 0.0 0.0 0.0 0.0 0.0 0.0 0.0 0.0 0.0 0.0 0.0 0.0 0.0 
0.0 0.0 0.0 0.0 0.0 0.0 0.0 0.0 0.0 0.0 0.0 0.0 0.0 0.0 0.0 0.0 0.0 0.0 0.0 0.0 0.0 0.0 0.0 0.0 0.050000000000000044 0.0 0.0 0.0 0.0 0.0 0.0 0.0 0.0 0.0 0.0 0.0 0.0 0.0 0.0 0.0 0.0 0.0 0.0 0.0 0.0 0.0 0.0 0.0 0.0 
0.0 0.0 0.0 0.09999999999999998 0.0 0.0 0.0 0.0 0.050000000000000044 0.0 0.0 0.0 0.0 0.0 0.0 0.0 0.0 0.0 0.0 0.0 0.050000000000000044 0.0 0.0 0.0 0.0 0.050000000000000044 0.0 0.0 0.0 0.0 0.0 0.050000000000000044 0.0 0.0 0.050000000000000044 0.0 0.0 0.0 0.0 0.0 0.0 0.0 0.0 0.0 0.09999999999999998 0.0 0.0 0.0 0.0 
0.6846081208687441 0.0 0.0 0.0 0.0 0.0 0.2553020442538856 0.0 0.0 0.0 0.0 0.288412852969815 0.0 0.2631336405529954 0.0 0.050000000000000044 0.0 0.0 0.0 0.6115830115830116 0.0 0.0 0.2631336405529954 0.0 0.0 0.0 0.0 0.0 0.0 0.0 0.0 0.0 0.0 0.0 0.0 0.09999999999999998 0.0 0.0 0.0 0.0 0.0 0.0 0.0 0.0 0.0 0.0 0.0 0.0 0.0 
0.050000000000000044 0.0 0.0 0.0 0.803030303030303 0.26937077483099325 0.26937077483099325 0.0 0.0 0.0 0.0 0.30301909131271276 0.0 0.2773215885338908 0.0 0.050000000000000044 0.0 0.0 0.0 0.050000000000000044 0.0 0.0 0.2773215885338908 0.0 0.0 0.0 0.0 0.0 0.0 0.7777777777777778 0.0 0.0 0.2864487060998152 0.33311475409836067 0.0 0.050000000000000044 0.0 0.0 0.0 0.0 0.0 0.0 0.0 0.0 0.0 0.0 0.0 0.0 0.0 
0.0 0.40649350649350646 0.5214285714285715 0.28907701837703903 0.2553178099433606 0.38820146392471244 0.38820146392471244 0.0 0.0 0.0 0.0 0.932258064516129 0.0 0.9 0.0 0.0 0.0 0.0 0.0 0.0 0.0 0.0 0.9 0.0 0.0 0.0 0.0 0.0 0.0 0.5217618259053928 0.0 0.0 0.911764705882353 0.9666666666666667 0.0 0.0 0.0 0.0 0.0 0.0 0.09999999999999998 0.0 0.0 0.0 0.0 0.0 0.0 0.2598942802927624 0.0 
0.0 0.0 0.050000000000000044 0.0 0.0 0.6875 0.0 0.0 0.0 0.0 0.0 0.0 0.050000000000000044 0.0 1.0 0.0 0.0 0.8894736842105263 0.0 0.0 0.0 0.0 0.0 0.0 0.0 0.0 0.0 0.8384615384615385 0.050000000000000044 0.0 0.0 0.0 0.0 0.0 0.0 0.0 0.0 0.0 0.0 0.0 0.0 0.0 0.0 0.0 0.0 0.0 0.0 0.0 0.0 
0.050000000000000044 0.0 0.0 0.0 0.0 0.0 0.0 0.0 0.0 0.0 0.0 0.0 0.0 0.0 0.0 0.050000000000000044 0.0 0.0 0.0 0.050000000000000044 0.0 0.0 0.0 0.0 0.0 0.6700293255131965 0.0 0.0 0.0 0.0 0.0 0.5980672084339995 0.0 0.0 0.5310810810810811 0.050000000000000044 0.0 0.0 0.0 0.0 0.0 0.0 0.0 0.0 0.0 0.0 0.0 0.0 0.0 
0.0 0.0 0.0 0.0 0.0 0.0 0.0 0.0 0.0 0.09999999999999998 0.0 0.0 0.0 0.0 0.0 0.0 0.32744680851063834 0.0 0.0 0.37969924812030076 0.0 0.37969924812030076 0.0 0.0 0.7142857142857143 0.0 0.0 0.0 0.0 0.0 0.0 0.0 0.0 0.3179868458678867 0.0 0.4486830154405086 0.0 0.0 0.0 0.0 0.0 0.0 0.09999999999999998 0.0 0.0 0.09999999999999998 0.0 0.0 0.0 
0.0 0.0 0.0 0.20966924802779185 0.6855407026853464 0.7274953271028037 0.27508143322475576 0.0 0.0 0.0 0.0 0.31807279174053604 0.0 0.2852620730270907 0.0 0.0 0.0 0.0 0.0 0.0 0.0 0.0 0.2852620730270907 0.0 0.0 0.0 0.6724137931034483 0.0 0.0 0.6626115357887422 0.050000000000000044 0.0 0.2969195903978512 0.35677655677655684 0.0 0.0 0.0 0.0 0.0 0.0 0.0 0.0 0.0 0.85 0.0 0.0 0.0 0.24186449719925318 0.0 
0.050000000000000044 0.0 0.0 0.0 0.9204387024816433 0.6097945342110513 0.2504967641965181 0.0 0.0 0.0 0.0 0.28800427464600586 0.0 0.25939336257551926 0.0 0.050000000000000044 0.0 0.0 0.0 0.050000000000000044 0.0 0.0 0.25939336257551926 0.0 0.0 0.0 0.0 0.0 0.0 0.8890230515916575 0.0 0.0 0.2063753649119503 0.2470839081901417 0.0 0.050000000000000044 0.0 0.0 0.0 0.0 0.0 0.0 0.0 0.7962962962962963 0.0 0.0 0.0 0.0 0.0 
0.0 0.0 0.0 0.0 0.0 0.0 0.0 0.0 0.0 0.0 0.0 0.0 0.0 0.0 0.0 0.0 0.5943204868154158 0.0 0.0 0.0 0.0 0.0 0.0 0.0 0.0 0.0 0.0 0.0 0.0 0.0 0.0 0.0 0.0 0.0 0.0 0.8181818181818181 0.0 0.0 0.0 0.351027397260274 0.0 0.3179868458678867 0.0 0.0 0.0 0.0 0.0 0.0 0.0 
0.0 0.0 0.0 0.0 0.0 0.0 0.0 0.0 0.0 0.09999999999999998 0.0 0.0 0.0 0.0 0.0 0.0 0.0 0.0 0.0 0.0 0.0 0.0 0.0 0.0 0.0 0.0 0.0 0.0 0.0 0.0 0.0 0.0 0.0 0.36779350992480175 0.0 0.0 0.0 0.0 0.0 0.0 0.0 0.0 0.95 0.0 0.0 1.0 0.0 0.0 0.0 
0.050000000000000044 0.3244779582366589 0.42106918238993707 0.2178518026250208 0.18848195329087047 0.2865510083036773 0.2865510083036773 0.0 0.0 0.0 0.0 0.9634146341463414 0.0 0.633318544809228 0.0 0.050000000000000044 0.0 0.0 0.0 0.32707370609981523 0.0 0.0 0.633318544809228 0.0 0.62 0.0 0.0 0.4347446875991119 0.0 0.3878680907554912 0.3244779582366589 0.0 0.6554664847347774 0.9054054054054055 0.0 0.050000000000000044 0.394411283334938 0.0 0.0 0.0 0.0 0.0 0.372191011235955 0.0 0.0 0.31270262304745056 0.0 0.19245325864809626 0.4254489255225199 
0.0 0.0 0.0 0.0 0.0 0.0 0.0 0.0 0.0 0.09999999999999998 0.0 0.0 0.0 0.0 0.0 0.0 0.0 0.0 0.0 0.0 0.0 0.0 0.0 0.0 0.0 0.0 0.0 0.0 0.0 0.0 0.0 0.0 0.0 0.36779350992480175 0.0 0.0 0.0 0.0 0.0 0.0 0.0 0.0 0.95 0.0 0.0 0.863003663003663 0.0 0.0 0.0 
0.0 0.0 0.0 0.0 0.380014749262537 0.09999999999999998 0.0 0.0 0.0 0.0 0.0 0.0 0.0 0.0 0.0 0.0 0.0 0.0 0.0 0.0 0.0 0.0 0.0 0.0 0.0 0.0 0.0 0.0 0.0 0.09999999999999998 0.050000000000000044 0.0 0.0 0.0 0.0 0.0 0.0 0.0 0.0 0.0 0.0 0.0 0.0 0.09999999999999998 0.0 0.0 0.0 0.0 0.0 
0.0 0.0 0.0 0.0 0.0 0.0 0.0 0.0 0.0 0.050000000000000044 0.0 0.0 0.0 0.0 0.0 0.0 0.0 0.0 0.0 0.0 0.0 0.0 0.0 0.0 0.0 0.0 0.0 0.0 0.0 0.0 0.0 0.0 0.0 0.0 0.0 0.0 0.0 0.0 0.0 0.0 0.0 0.0 0.050000000000000044 0.0 0.0 0.050000000000000044 0.0 0.0 0.0 
0.0 0.0 0.050000000000000044 0.23267585055312046 0.0 0.0 0.0 0.0 0.0 0.0 0.19482585721448675 0.0 0.09999999999999998 0.0 0.050000000000000044 0.0 0.0 0.050000000000000044 0.22080523076016856 0.0 0.0 0.0 0.0 0.0 0.0 0.0 0.0 0.050000000000000044 0.050000000000000044 0.0 0.0 0.0 0.0 0.0 0.0 0.0 0.0 0.0 0.0 0.0 0.0 0.0 0.0 0.0 0.0 0.0 0.0 0.0 0.0 
0.0 0.0 0.0 0.0 0.24480929812683372 0.2330235553919764 0.0 0.0 0.0 0.0 0.0 0.0 0.0 0.0 0.0 0.0 0.0 0.0 0.0 0.0 0.0 0.0 0.0 0.0 0.0 0.0 0.0 0.0 0.0 0.2330235553919764 0.0 0.0 0.0 0.0 0.0 0.0 0.0 0.0 0.0 0.0 0.0 0.0 0.0 0.3938531587933978 0.0 0.0 0.0 0.0 0.0 
0.0 0.050000000000000044 0.0 0.0 0.0 0.0 0.0 0.0 0.0 0.0 0.0 0.0 0.0 0.0 0.0 0.0 0.0 0.0 0.0 0.0 0.0 0.0 0.0 0.0 0.0 0.0 0.0 0.0 0.0 0.0 0.0 0.0 0.0 0.0 0.0 0.0 0.0 0.0 0.0 0.0 0.0 0.0 0.0 0.0 0.0 0.0 0.0 0.0 0.0 
0.0 0.3938531587933978 0.0 0.0 0.050000000000000044 0.050000000000000044 0.0 0.0 0.0 0.0 0.0 0.0 0.0 0.0 0.0 0.0 0.0 0.0 0.0 0.0 0.0 0.0 0.0 0.0 0.0 0.0 0.0 0.0 0.0 0.050000000000000044 0.050000000000000044 0.0 0.0 0.0 0.0 0.0 0.0 0.0 0.0 0.0 0.0 0.0 0.0 0.050000000000000044 0.0 0.0 0.32472440944881886 0.0 0.0 
0.0 0.0 0.0 0.0 0.0 0.0 0.0 0.050000000000000044 0.0 0.0 0.0 0.0 0.0 0.0 0.0 0.0 0.2926937926937927 0.0 0.0 0.0 0.0 0.0 0.0 0.0 0.0 0.0 0.0 0.0 0.0 0.0 0.0 0.0 0.0 0.0 0.0 0.40980629539951574 0.0 0.0 0.0 0.0 0.0 0.0 0.0 0.0 0.0 0.0 0.0 0.0 0.0 
0.0 0.0 0.0 0.0 0.0 0.0 0.0 0.0 0.0 0.0 0.0 0.09999999999999998 0.0 0.09999999999999998 0.0 0.0 0.0 0.0 0.0 0.0 0.0 0.0 0.09999999999999998 0.0 0.0 0.0 0.0 0.0 0.0 0.0 0.0 0.0 0.09999999999999998 0.09999999999999998 0.0 0.0 0.0 0.0 0.0 0.0 1.0 0.0 0.0 0.0 0.0 0.0 0.0 0.0 0.0 
0.0 0.0 0.0 0.0 0.0 0.0 0.0 0.0 0.0 0.0 0.0 0.0 0.0 0.0 0.0 0.0 0.0 0.0 0.0 0.0 0.0 0.0 0.0 0.0 0.0 0.0 0.0 0.0 0.0 0.0 0.0 0.0 0.0 0.0 0.0 0.0 0.0 0.0 0.0 0.0 0.0 0.600990099009901 0.0 0.0 0.0 0.0 0.0 0.0 0.0 
0.0 0.0 0.0 0.0 0.0 0.0 0.26937077483099325 0.0 0.0 0.050000000000000044 0.0 0.0 0.0 0.0 0.0 0.0 0.0 0.0 0.0 0.0 0.0 0.0 0.0 0.0 0.0 0.0 0.0 0.0 0.5491379310344828 0.0 0.0 0.0 0.0 0.0 0.0 0.0 0.0 0.2773215885338908 0.0 0.0 0.0 0.0 0.050000000000000044 0.0 0.0 0.050000000000000044 0.0 0.2864487060998152 0.29154163540885214 
0.0 0.0 0.0 0.26015949493271306 0.18848195329087047 0.2865510083036773 0.2865510083036773 0.0 0.050000000000000044 0.0 0.0 0.49889361278933886 0.0 0.2969195903978512 0.0 0.0 0.0 0.0 0.0 0.0 0.050000000000000044 0.0 0.2969195903978512 0.0 0.0 0.050000000000000044 0.0 0.20135524420583994 0.0 0.17808761435608722 0.3244779582366589 0.050000000000000044 0.30878404296125816 0.3695101351351351 0.050000000000000044 0.0 0.18132612691193417 0.0 0.0 0.0 0.0 0.0 0.0 0.0 0.050000000000000044 0.0 0.0 0.25171311100959337 0.1967307926458055 
0.0 0.29050736497545016 0.41879775853285783 0.18802541077569734 0.16085580929110677 0.49498879193760537 0.24475447412501095 0.0 0.0 0.2699891067538127 0.15429738138449567 0.6148588633797516 0.050000000000000044 0.5520979020979021 0.7972972972972974 0.0 0.0 0.5566509147054696 0.17735565425350197 0.2533273896707635 0.0 0.0 0.5520979020979021 0.0 0.5882352941176471 0.0 0.0 0.481618618385267 0.050000000000000044 0.33287822812371726 0.0 0.19421159064590277 0.5742690341218135 0.8260869565217391 0.164504716981132 0.0 0.0 0.15746279652276418 0.0 0.0 0.0 0.0 0.33076255663742404 0.0 0.0 0.2731732668121818 0.0 0.164504716981132 0.0 
0.050000000000000044 0.0 0.0 0.0 0.0 0.0 0.41481216823193134 0.0 0.0 0.0 0.0 0.0 0.0 0.0 0.0 0.050000000000000044 0.0 0.0 0.0 0.050000000000000044 0.0 0.0 0.0 0.0 0.0 0.0 0.0 0.0 0.0 0.0 0.0 0.0 0.0 0.0 0.0 0.050000000000000044 0.0 0.0 0.0 0.0 0.0 0.0 0.0 0.0 0.0 0.0 0.0 0.0 0.0 
0.0 0.0 0.0 0.09999999999999998 0.0 0.0 0.0 0.0 0.050000000000000044 0.0 0.0 0.0 0.0 0.0 0.0 0.0 0.5214285714285715 0.0 0.0 0.0 0.050000000000000044 0.0 0.0 0.0 0.0 0.050000000000000044 0.0 0.0 0.0 0.0 0.0 0.050000000000000044 0.0 0.0 0.050000000000000044 0.75 0.0 0.0 0.0 0.0 0.0 0.0 0.0 0.0 0.09999999999999998 0.0 0.0 0.1967307926458055 0.0 
0.0 0.3244779582366589 0.42106918238993707 0.2178518026250208 0.18848195329087047 0.2865510083036773 0.2865510083036773 0.0 0.0 0.0 0.394411283334938 0.6955686094041851 0.0 0.8611838658983761 0.0 0.0 0.0 0.0 0.0 0.2864487060998152 0.0 0.050000000000000044 0.8611838658983761 0.0 0.62 0.0 0.0 0.0 0.0 0.3878680907554912 0.0 0.0 0.8865175456597578 0.9054054054054055 0.4168428470754052 0.0 0.0 0.0 0.0 0.0 0.0 0.0 0.372191011235955 0.0 0.0 0.31270262304745056 0.0 0.19245325864809626 0.0 
0.0 0.0 0.0 0.0 0.4082895588976039 0.38598172832110234 0.15609129676293865 0.0 0.0 0.050000000000000044 0.0 0.0 0.0 0.0 0.0 0.0 0.0 0.0 0.0 0.0 0.0 0.0 0.0 0.0 0.0 0.0 0.0 0.0 0.0 0.38598172832110234 0.0 0.0 0.0 0.0 0.0 0.0 0.0 0.1623230110199143 0.0 0.0 0.0 0.0 0.050000000000000044 0.7162162162162162 0.0 0.050000000000000044 0.23344947735191635 0.1694792671166827 0.17347869177403374 
0.0 0.0 0.0 0.3556495468277946 0.0 0.0 0.0 0.45717234262125905 0.0 0.5542311661506708 0.31086835771153487 0.0 0.0 0.0 0.0 0.372702823845809 0.0 0.0 0.3415693321353699 0.0 0.0 0.0 0.0 0.372702823845809 0.0 0.0 0.0 0.0 0.0 0.0 0.0 0.3637459807073955 0.0 0.0 0.3244779582366589 0.0 0.31086835771153487 0.3150875796178344 0.3938531587933978 0.0 0.0 0.0 0.09999999999999998 0.0 0.0 0.09999999999999998 0.0 0.0 0.0 
0.0 0.0 0.050000000000000044 0.22241086587436332 0.19271248151097964 0.5833190805226791 0.29295014290250876 0.0 0.0 0.0 0.0 0.33708226221079696 0.050000000000000044 0.30341880341880345 0.8333333333333333 0.0 0.0 0.6028661116418725 0.0 0.0 0.0 0.0 0.30341880341880345 0.0 0.0 0.0 0.0 0.52892913840381 0.050000000000000044 0.18219261909244966 0.0 0.0 0.31539411401522943 0.4421157684630739 0.0 0.0 0.0 0.0 0.0 0.0 0.0 0.0 0.29154163540885214 0.0 0.0 0.2448051948051948 0.0 0.0 0.0 
0.0 0.0 0.3557125796178344 0.0 0.0 0.0 0.0 0.0 0.0 0.0 0.0 0.0 0.09999999999999998 0.0 0.050000000000000044 0.0 0.23147444423332697 0.050000000000000044 0.0 0.0 0.0 0.0 0.0 0.0 0.0 0.0 0.0 0.050000000000000044 0.050000000000000044 0.17073500967117994 0.0 0.0 0.0 0.2914781297134239 0.0 0.0 0.0 0.0 0.0 0.0 0.0 0.0 0.7941176470588236 0.0 0.0 0.6685633001422475 0.0 0.0 0.0 
0.9333333333333333 0.0 0.0 0.0 0.0 0.0 0.0 0.0 0.0 0.0 0.0 0.0 0.0 0.0 0.0 0.050000000000000044 0.0 0.0 0.0 0.8336283185840708 0.0 0.0 0.0 0.5813668403309837 0.0 0.0 0.0 0.0 0.0 0.0 0.0 0.0 0.0 0.0 0.0 0.09999999999999998 0.0 0.0 0.0 0.0 0.0 0.0 0.0 0.0 0.0 0.0 0.0 0.0 0.0 
0.0 0.0 0.0 0.0 0.0 0.0 0.0 0.0 0.0 0.050000000000000044 0.0 0.0 0.0 0.0 0.0 0.0 0.0 0.0 0.0 0.0 0.0 0.0 0.0 0.0 0.0 0.0 0.0 0.0 0.0 0.0 0.0 0.0 0.0 0.0 0.0 0.0 0.0 0.0 0.0 0.0 0.0 0.0 0.050000000000000044 0.0 0.0 0.050000000000000044 0.0 0.0 0.0 
0.0 0.0 0.372702823845809 0.0 0.0 0.21602787456445993 0.21602787456445993 0.0 0.0 0.0 0.0 0.0 0.0 0.0 0.0 0.0 0.2836808340016038 0.0 0.0 0.0 0.0 0.0 0.0 0.0 0.0 0.0 0.0 0.0 0.0 0.21602787456445993 0.0 0.0 0.0 0.0 0.0 0.0 0.0 0.0 0.0 0.0 0.0 0.0 0.0 0.0 0.0 0.0 0.0 0.0 0.0 
0.0 0.0 0.35993491166583214 0.2136164171399071 0.0 0.0 0.0 0.29876474926253693 0.0 0.0 0.0 0.0 0.09999999999999998 0.0 0.050000000000000044 0.22745351956340765 0.2356036941464077 0.050000000000000044 0.0 0.0 0.0 0.0 0.0 0.22745351956340765 0.0 0.0 0.0 0.050000000000000044 0.050000000000000044 0.17427967149174606 0.0 0.0 0.0 0.29663941306307706 0.0 0.0 0.17748074903745192 0.0 0.24480929812683372 0.0 0.0 0.0 0.803030303030303 0.0 0.0 0.6780716887099867 0.0 0.0 0.0 
0.0 0.0 0.0 0.0 0.0 0.0 0.0 0.0 0.0 0.0 0.0 0.0 0.0 0.0 0.0 0.0 0.0 0.0 0.0 0.0 0.0 0.0 0.0 0.0 0.0 0.0 0.0 0.0 0.0 0.0 0.0 0.0 0.0 0.0 0.0 0.0 0.0 0.0 0.0 0.0 0.0 0.0 0.0 0.0 0.0 0.0 0.0 0.0 0.0 
0.0 0.0 0.0 0.3410850599781897 0.2674654464833247 0.5465465465465466 0.6125295802715158 0.0 0.050000000000000044 0.0 0.0 0.45561139028475717 0.0 0.4184476940382452 0.0 0.0 0.0 0.0 0.0 0.0 0.050000000000000044 0.0 0.4184476940382452 0.0 0.0 0.050000000000000044 0.0 0.0 0.0 0.2553020442538856 0.0 0.050000000000000044 0.43168756530825503 0.49875930521091816 0.050000000000000044 0.0 0.0 0.0 0.0 0.0 0.0 0.0 0.0 0.0 0.050000000000000044 0.0 0.0 0.0 0.0 
0.0 0.0 0.0 0.0 0.050000000000000044 0.050000000000000044 0.0 0.0 0.0 0.0 0.0 0.0 0.0 0.0 0.0 0.0 0.0 0.0 0.0 0.0 0.0 0.0 0.0 0.0 0.0 0.0 0.75 0.0 0.0 0.050000000000000044 0.09999999999999998 0.0 0.0 0.0 0.0 0.0 0.0 0.0 0.0 0.0 0.0 0.0 0.0 0.050000000000000044 0.0 0.0 0.0 0.0 0.0 
0.0 0.0 0.0 0.0 0.0 0.0 0.0 0.0 0.0 0.050000000000000044 0.0 0.0 0.0 0.0 0.0 0.0 0.0 0.0 0.0 0.0 0.0 0.0 0.0 0.0 0.0 0.0 0.0 0.0 0.0 0.0 0.0 0.0 0.0 0.0 0.0 0.0 0.0 0.0 0.0 0.0 0.0 0.0 0.5869565217391305 0.0 0.0 0.5242424242424243 0.0 0.0 0.0 
0.0 0.0 0.0 0.3180128794848207 0.0 0.0 0.0 0.3718133718133718 0.050000000000000044 0.0 0.0 0.2650729252259655 0.0 0.0 0.0 0.2936632333184057 0.0 0.0 0.0 0.0 0.050000000000000044 0.0 0.0 0.2936632333184057 0.0 0.09999999999999998 0.0 0.25939583037866965 0.0 0.0 0.3938531587933978 0.09999999999999998 0.0 0.0 0.09999999999999998 0.0 0.23669472374152556 0.0 0.3130871546832853 0.0 0.0 0.0 0.0 0.0 0.050000000000000044 0.0 0.0 0.3245861434702636 0.25415957028691216 
0.0 0.0 0.0 0.0 0.0 0.0 0.0 0.0 0.0 0.0 0.0 0.0 0.0 0.0 0.0 0.0 0.0 0.0 0.0 0.0 0.0 0.0 0.0 0.0 0.0 0.0 0.0 0.0 0.0 0.0 0.0 0.0 0.0 0.0 0.0 0.0 0.0 0.0 0.0 0.0 0.0 0.0 0.0 0.0 0.0 0.0 0.0 0.0 0.0 
0.0 0.0 0.0 0.38236568457539 0.0 0.0 0.0 0.0 0.0 0.0 0.3370405484247375 0.44501248365236 0.0 0.09999999999999998 0.0 0.0 0.0 0.0 0.36808940672928303 0.0 0.0 0.0 0.09999999999999998 0.0 0.0 0.0 0.0 0.3618442489410232 0.0 0.0 0.5091603053435114 0.0 0.09999999999999998 0.09999999999999998 0.0 0.0 0.3370405484247375 0.0 0.0 0.0 0.09999999999999998 0.0 0.4656272147413183 0.0 0.0 0.40980629539951574 0.0 0.0 0.3560968320382547 
0.0 0.0 0.050000000000000044 0.0 0.0 0.0 0.0 0.0 0.0 0.0 0.0 0.21560532984549996 0.050000000000000044 0.0 0.09999999999999998 0.0 0.0 0.09999999999999998 0.0 0.0 0.0 0.0 0.0 0.0 0.0 0.0 0.0 0.2954692230070637 0.050000000000000044 0.0 0.43452380952380953 0.0 0.0 0.0 0.0 0.0 0.1899543378995434 0.0 0.0 0.0 0.0 0.0 0.0 0.0 0.0 0.0 0.0 0.0 0.2057355732058761 
0.0 0.0 0.0 0.0 0.0 0.0 0.0 0.0 0.0 0.09999999999999998 0.20014378594648663 0.0 0.0 0.0 0.0 0.0 0.0 0.0 0.2264711520030669 0.0 0.0 0.0 0.0 0.0 0.0 0.0 0.0 0.0 0.0 0.0 0.0 0.0 0.0 0.3291028647629559 0.0 0.0 0.0 0.0 0.0 0.0 0.0 0.0 0.9142857142857144 0.0 0.0 0.8120283018867924 0.0 0.0 0.0 
0.7657947686116701 0.0 0.0 0.0 0.0 0.0 0.33306155727680387 0.0 0.0 0.0 0.0 0.36808940672928303 0.0 0.3412997409936426 0.0 0.050000000000000044 0.0 0.0 0.0 0.6996670366259712 0.0 0.0 0.3412997409936426 0.0 0.0 0.0 0.0 0.0 0.0 0.0 0.0 0.0 0.0 0.0 0.0 0.09999999999999998 0.0 0.0 0.0 0.0 0.0 0.0 0.0 0.0 0.0 0.0 0.0 0.0 0.0 
0.0 0.0 0.3482905982905983 0.0 0.0 0.0 0.0 0.0 0.0 0.09999999999999998 0.0 0.0 0.0 0.0 0.0 0.0 0.2616243961352658 0.0 0.0 0.0 0.0 0.0 0.0 0.0 0.0 0.0 0.0 0.0 0.0 0.1967347897580456 0.0 0.0 0.0 0.3291028647629559 0.0 0.0 0.0 0.0 0.0 0.0 0.0 0.0 0.9142857142857144 0.0 0.0 0.8120283018867924 0.0 0.0 0.0 
0.0 0.32972564812484273 0.4275349948787982 0.22241086587436332 0.19271248151097964 0.29295014290250876 0.29295014290250876 0.0 0.0 0.0 0.0 0.7077328646748682 0.0 0.6456989247311828 0.0 0.0 0.0 0.0 0.0 0.0 0.0 0.0 0.6456989247311828 0.0 0.0 0.0 0.8153846153846154 0.0 0.0 0.3962765957446809 0.0 0.0 0.6677938030501691 0.8287748136171742 0.0 0.0 0.0 0.0 0.0 0.0 0.0 0.0 0.29154163540885214 0.0 0.0 0.2448051948051948 0.0 0.1967307926458055 0.0 
0.0 0.0 0.0 0.050000000000000044 0.49355413478670995 0.0 0.36737204724409445 0.0 0.6818181818181818 0.0 0.0 0.0 0.0 0.0 0.0 0.43452380952380953 0.0 0.4562818336162988 0.0 0.0 1.0 0.0 0.0 0.0 0.0 0.050000000000000044 0.0 0.5130010834236186 0.0 0.0 0.0 0.050000000000000044 0.0 0.0 0.050000000000000044 0.0 0.48279270374696737 0.37564102564102564 0.0 0.0 0.0 0.0 0.0 0.0 0.050000000000000044 0.0 0.0 0.3851802403204272 0.3905228758169934 
0.39058238408471047 0.0 0.3637459807073955 0.3275374224169405 0.0 0.0 0.208916447277262 0.0 0.0 0.0 0.0 0.23950922579417921 0.0 0.21616719242902205 0.0 0.3464980114891737 0.0 0.0 0.0 0.3244638992720834 0.0 0.0 0.21616719242902205 0.3464980114891737 0.0 0.0 0.0 0.0 0.0 0.208916447277262 0.0 0.0 0.22446975648075418 0.26682495496970693 0.0 0.0 0.2774390243902439 0.0 0.37007389162561577 0.0 0.0 0.0 0.0 0.0 0.0 0.0 0.0 0.0 0.0 
0.0 0.0 0.0 0.0 0.0 0.0 0.0 0.0 0.0 0.0 0.0 0.0 0.0 0.0 0.0 0.0 0.0 0.0 0.0 0.0 0.0 0.0 0.0 0.0 0.0 0.0 0.0 0.0 0.0 0.0 0.0 0.0 0.0 0.0 0.0 0.0 0.0 0.0 0.0 0.0 0.0 0.0 0.0 0.0 0.0 0.0 0.0 0.0 0.0 
0.0 0.0 0.0 0.30859848067819007 0.0 0.0 0.0 0.36082693947144073 0.050000000000000044 0.0 0.0 0.2555432372505544 0.0 0.0 0.0 0.2836808340016038 0.0 0.0 0.0 0.0 0.050000000000000044 0.0 0.0 0.2836808340016038 0.0 0.09999999999999998 0.0 0.24995743594109143 0.0 0.0 0.3826735994632673 0.09999999999999998 0.0 0.0 0.09999999999999998 0.0 0.2276159175697282 0.0 0.30281514698555045 0.0 0.0 0.0 0.0 0.0 0.050000000000000044 0.0 0.0 0.31270262304745056 0.2448051948051948 
0.0 0.0 0.0 0.0 0.0 0.0 0.0 0.0 0.0 0.050000000000000044 0.24707298391508914 0.0 0.0 0.0 0.0 0.0 0.0 0.0 0.27591857857512503 0.0 0.0 0.0 0.0 0.0 0.0 0.33653846153846145 0.0 0.0 0.0 0.0 0.0 0.2966333030027297 0.0 0.0 0.2598942802927624 0.0 0.0 0.0 0.0 0.0 0.0 0.0 0.050000000000000044 0.0 0.0 0.050000000000000044 0.0 0.0 0.0 
0.0 0.0 0.0 0.17893004864597695 0.6234679646695288 0.8801008686419346 0.31601195999587584 0.0 0.0 0.0 0.0 0.2719819055696918 0.0 0.24137226873596085 0.0 0.0 0.0 0.0 0.0 0.0 0.0 0.46050854191497814 0.24137226873596085 0.0 0.0 0.0 0.0 0.0 0.0 0.5992830722864058 0.050000000000000044 0.0 0.3864551222225364 0.3087378640776699 0.0 0.0 0.0 0.0 0.0 0.0 0.0 0.0 0.24334103156274067 0.8116279069767443 0.0 0.19938238453276047 0.0 0.0 0.0 
0.050000000000000044 0.0 0.0 0.0 0.40601503759398494 0.2433442555805857 0.2433442555805857 0.0 0.0 0.0 0.0 0.27591857857512503 0.0 0.25105485232067504 0.0 0.050000000000000044 0.0 0.0 0.0 0.050000000000000044 0.0 0.0 0.25105485232067504 0.0 0.0 0.525497512437811 0.0 0.0 0.0 0.38820146392471244 0.0 0.0 0.2598942802927624 0.3049886621315192 0.0 0.050000000000000044 0.0 0.0 0.0 0.0 0.0 0.0 0.0 0.0 0.0 0.0 0.525497512437811 0.0 0.0 
0.0 0.0 0.372702823845809 0.0 0.0 0.0 0.0 0.0 0.0 0.0 0.0 0.32152358430809513 0.0 0.2914781297134239 0.0 0.0 0.0 0.0 0.0 0.33311475409836067 0.0 0.0 0.2914781297134239 0.0 0.7666666666666666 0.0 0.0 0.0 0.0 0.21602787456445993 0.0 0.0 0.30217485718103765 0.5775397598182408 0.0 0.0 0.0 0.0 0.0 0.0 0.0 0.0 0.0 0.0 0.0 0.0 0.0 0.0 0.0 
0.0 0.0 0.0 0.0 0.0 0.0 0.050000000000000044 0.0 0.0 0.0 0.31086835771153487 0.0 0.0 0.0 0.0 0.0 0.0 0.0 0.3415693321353699 0.0 0.0 0.0 0.0 0.050000000000000044 0.0 0.0 0.0 0.0 0.0 0.0 0.0 0.0 0.0 0.0 0.0 0.0 0.050000000000000044 0.050000000000000044 0.0 0.0 0.0 0.0 0.0 0.0 0.0 0.0 0.0 0.050000000000000044 0.050000000000000044 
0.0 0.372702823845809 0.480251071647275 0.25962112171837703 0.22745351956340765 0.34563543003851094 0.34563543003851094 0.0 0.0 0.0 0.0 0.8655905634021419 0.0 0.825091575091575 0.0 0.0 0.0 0.0 0.0 0.33311475409836067 0.0 0.0 0.825091575091575 0.0 0.6666666666666666 0.0 0.0 0.0 0.0 0.4655481220038983 0.0 0.0 0.8395285152994405 1.0 0.0 0.0 0.0 0.0 0.0 0.0 0.09999999999999998 0.0 0.43019498607242346 0.0 0.0 0.36779350992480175 0.0 0.2318163751987281 0.0 
0.0 0.0 0.0 0.0 0.0 0.208916447277262 0.27297247023809534 0.050000000000000044 0.0 0.0 0.0 0.23950922579417921 0.0 0.21616719242902205 0.0 0.0 0.5792237442922374 0.0 0.0 0.0 0.0 0.0 0.21616719242902205 0.0 0.0 0.0 0.0 0.0 0.0 0.0 0.0 0.0 0.22446975648075418 0.0 0.0 0.8043478260869565 0.0 0.0 0.0 0.0 0.0 0.0 0.0 0.0 0.0 0.0 0.0 0.0 0.0 
0.0 0.0 0.0 0.32873219079083205 0.2553178099433606 0.38820146392471244 0.38820146392471244 0.0 0.050000000000000044 0.0 0.0 0.6493688639551192 0.0 0.3996802557953637 0.0 0.0 0.0 0.0 0.0 0.0 0.050000000000000044 0.0 0.3996802557953637 0.0 0.0 0.09999999999999998 0.0 0.2701459390862945 0.0 0.2433442555805857 0.40649350649350646 0.09999999999999998 0.41280685502547476 0.4793028322440087 0.09999999999999998 0.0 0.24707298391508914 0.0 0.0 0.0 0.0 0.0 0.0 0.0 0.050000000000000044 0.0 0.0 0.33814395323346735 0.2648221343873518 
0.0 0.0 0.0 0.0 0.0 0.0 0.48545816733067726 0.0 0.0 0.050000000000000044 0.0 0.0 0.0 0.0 0.0 0.0 0.0 0.0 0.0 0.0 0.0 0.0 0.0 0.0 0.0 0.0 0.0 0.0 0.7723577235772358 0.0 0.0 0.0 0.0 0.0 0.0 0.0 0.0 0.49350649350649345 0.0 0.0 0.0 0.0 0.050000000000000044 0.0 0.0 0.050000000000000044 0.0 0.5028253736784543 0.5080597014925373 
0.050000000000000044 0.0 0.0 0.0 0.4248366013071896 0.2553020442538856 0.2553020442538856 0.0 0.0 0.0 0.0 0.288412852969815 0.0 0.2631336405529954 0.0 0.050000000000000044 0.0 0.0 0.0 0.050000000000000044 0.0 0.0 0.2631336405529954 0.0 0.0 0.0 0.0 0.0 0.0 0.4068742655699178 0.0 0.0 0.27211714460036607 0.3179868458678867 0.0 0.050000000000000044 0.0 0.0 0.0 0.0 0.0 0.0 0.0 0.0 0.0 0.0 0.0 0.0 0.0 
0.050000000000000044 0.0 0.0 0.0 0.0 0.0 0.0 0.0 0.0 0.0 0.0 0.0 0.0 0.0 0.0 0.050000000000000044 0.0 0.0 0.0 0.050000000000000044 0.0 0.0 0.0 0.0 0.0 0.0 0.0 0.0 0.0 0.0 0.0 0.0 0.0 0.0 0.0 0.050000000000000044 0.0 0.0 0.0 0.0 0.0 0.0 0.0 0.0 0.0 0.0 0.0 0.0 0.0 
0.0 0.0 0.0 0.0 0.0 0.0 0.0 0.0 0.0 0.0 0.0 0.0 0.0 0.0 0.0 0.0 0.0 0.0 0.0 0.0 0.0 0.0 0.0 0.0 0.050000000000000044 0.0 0.0 0.0 0.0 0.0 0.0 0.0 0.0 0.0 0.0 0.0 0.0 0.0 0.0 0.0 0.0 0.0 0.0 0.0 0.0 0.0 0.0 0.0 0.0 
0.0 0.0 0.0 0.0 0.0 0.0 0.0 0.0 0.0 0.0 0.0 0.0 0.0 0.0 0.0 0.0 0.0 0.0 0.0 0.0 0.0 0.0 0.0 0.0 0.0 0.0 0.0 0.0 0.0 0.0 0.0 0.0 0.0 0.0 0.0 0.0 0.0 0.0 0.0 0.0 0.0 0.0 0.0 0.0 0.0 0.0 0.0 0.0 0.0 
0.0 0.0 0.0 0.5734643734643735 0.0 0.0 0.0 0.0 0.050000000000000044 0.0 0.0 0.0 0.0 0.0 0.0 0.0 0.0 0.0 0.0 0.0 0.050000000000000044 0.0 0.0 0.0 0.0 0.050000000000000044 0.0 0.0 0.0 0.0 0.0 0.050000000000000044 0.0 0.0 0.050000000000000044 0.0 0.0 0.0 0.0 0.0 0.0 0.0 0.0 0.0 1.0 0.0 0.0 0.0 0.0 
0.0 0.372702823845809 0.0 0.0 0.0 0.0 0.0 0.45282529808190775 0.0 0.0 0.41289517470881865 0.0 0.0 0.41947115384615385 0.0 0.0 0.32333600641539695 0.0 0.0 0.0 0.0 0.0 0.41947115384615385 0.0 0.0 0.0 0.0 0.0 0.0 0.0 0.0 0.0 0.6121948561464691 0.0 0.43402528003288454 0.0 0.0 0.0 0.0 0.0 0.0 0.0 0.0 0.0 0.0 0.0 0.0 0.0 0.0 
0.0 0.0 0.0 0.0 0.0 0.0 0.0 0.0 0.0 0.0 0.0 0.0 0.0 0.0 0.0 0.0 0.0 0.0 0.0 0.0 0.0 0.0 0.0 0.0 0.0 0.0 0.9142857142857144 0.0 0.0 0.0 0.0 0.0 0.0 0.0 0.0 0.0 0.0 0.0 0.0 0.0 0.0 0.0 0.0 0.0 0.0 0.0 0.0 0.0 0.0 
0.0 0.0 0.0 0.0 0.29876474926253693 0.2862351190476191 0.0 0.0 0.0 0.0 0.2901323130878368 0.0 0.0 0.0 0.0 0.0 0.0 0.0 0.3204045058883769 0.0 0.0 0.050000000000000044 0.29429892141756553 0.0 0.0 0.0 0.0 0.0 0.0 0.2862351190476191 0.0 0.0 0.0 0.0 0.0 0.0 0.0 0.0 0.0 0.0 0.0 0.0 0.0 0.45717234262125905 0.0 0.0 0.0 0.0 0.0 
0.0 0.3415693321353699 0.0 0.23267585055312046 0.6383844325172169 0.6974254742547426 0.3073921028466483 0.0 0.0 0.0 0.0 0.7713169680439103 0.0 0.7259123171371842 0.0 0.0 0.0 0.0 0.0 0.0 0.0 0.0 0.7259123171371842 0.0 0.0 0.0 0.0 0.0 0.0 0.6097945342110513 0.0 0.0 0.7419279907084786 0.8264929640495251 0.0 0.0 0.0 0.0 0.0 0.0 0.09999999999999998 0.0 0.0 0.7962962962962963 0.0 0.0 0.0 0.0 0.0 
0.0 0.0 0.0 0.0 0.2553178099433606 0.31730504271149074 0.31730504271149074 0.0 0.0 0.0 0.0 0.35827413532083385 0.0 0.327020202020202 0.0 0.0 0.09999999999999998 0.0 0.0 0.0 0.0 0.0 0.327020202020202 0.0 0.0 0.0 0.0 0.0 0.0 0.2433442555805857 0.0 0.0 0.33814395323346735 0.39469192694999156 0.0 0.0 0.0 0.0 0.0 0.0 0.0 0.0 0.0 0.0 0.0 0.0 0.0 0.0 0.0 
0.0 1.0 0.0 0.0 0.0 0.0 0.0 0.45717234262125905 0.0 0.0 0.0 0.3415693321353699 0.0 0.3150875796178344 0.0 0.0 0.0 0.0 0.0 0.0 0.0 0.0 0.3150875796178344 0.0 0.0 0.0 0.0 0.0 0.0 0.0 0.0 0.0 0.3244779582366589 0.372702823845809 0.0 0.0 0.0 0.0 0.0 0.0 0.0 0.0 0.0 0.0 0.0 0.0 0.5214285714285715 0.0 0.0 
0.0 0.0 0.0 0.0 0.19271248151097964 0.23855338075485388 0.23855338075485388 0.0 0.0 0.0 0.0 0.27524197656647986 0.0 0.24724901750625228 0.0 0.0 0.5814285714285714 0.0 0.0 0.0 0.0 0.29154163540885214 0.24724901750625228 0.0 0.0 0.0 0.0 0.0 0.0 0.18219261909244966 0.0 0.0 0.2572023602915654 0.3081299056671707 0.0 0.75 0.0 0.0 0.0 0.0 0.0 0.0 0.0 0.0 0.0 0.0 0.0 0.0 0.0 
0.0 0.0 0.0 0.0 0.0 0.0 0.050000000000000044 0.0 0.0 0.0 0.2276159175697282 0.0 0.0 0.0 0.0 0.0 0.0 0.0 0.2555432372505544 0.0 0.0 0.0 0.0 0.050000000000000044 0.0 0.31428972487366647 0.0 0.0 0.0 0.0 0.0 0.2755898366606171 0.0 0.0 0.24003504161191414 0.0 0.050000000000000044 0.050000000000000044 0.0 0.0 0.0 0.0 0.0 0.0 0.0 0.0 0.0 0.050000000000000044 0.050000000000000044 
0.0 0.0 0.0 0.0 0.0 0.0 0.0 0.0 0.0 0.0 0.0 0.09999999999999998 0.0 0.09999999999999998 0.0 0.0 0.0 0.0 0.0 0.0 0.0 0.0 0.09999999999999998 0.0 0.0 0.0 0.0 0.0 0.0 0.0 0.0 0.0 0.09999999999999998 0.09999999999999998 0.0 0.0 0.0 0.0 0.0 0.0 0.9571428571428571 0.0 0.0 0.0 0.0 0.0 0.0 0.0 0.0 
0.0 0.3482905982905983 0.0 0.0 0.0 0.0 0.0 0.0 0.0 0.327020202020202 0.20014378594648663 0.09999999999999998 0.0 0.09999999999999998 0.0 0.0 0.0 0.0 0.2264711520030669 0.0 0.0 0.0 0.09999999999999998 0.0 0.0 0.0 0.0 0.0 0.0 0.0 0.0 0.24540828989823782 0.09999999999999998 0.09999999999999998 0.21185015290519882 0.0 0.0 0.20378151260504196 0.0 0.0 0.09999999999999998 0.0 0.30952380952380953 0.0 0.0 0.2616243961352658 0.0 0.0 0.0 
0.0 0.050000000000000044 0.0 0.0 0.0 0.0 0.0 0.0 0.0 0.0 0.0 0.0 0.0 0.0 0.0 0.0 0.0 0.0 0.0 0.0 0.0 0.0 0.0 0.0 0.0 0.33653846153846145 0.0 0.0 0.0 0.0 0.0 0.2966333030027297 0.0 0.0 0.2598942802927624 0.0 0.0 0.0 0.0 0.3842364532019704 0.0 0.3500609508329947 0.0 0.0 0.0 0.0 0.0 0.0 0.0 
0.0 0.0 0.0 0.0 0.22017225365194626 0.27297247023809534 0.27297247023809534 0.0 0.0 0.09999999999999998 0.0 0.3118663594470046 0.0 0.2822033898305085 0.0 0.0 0.0 0.0 0.0 0.0 0.0 0.0 0.2822033898305085 0.0 0.0 0.0 0.0 0.0 0.0 0.208916447277262 0.0 0.0 0.29276315789473695 0.3464980114891737 0.0 0.0 0.0 0.0 0.0 0.0 0.0 0.0 0.09999999999999998 0.0 0.0 0.09999999999999998 0.0 0.0 0.0 
0.0 0.0 0.0 0.23267585055312046 0.0 0.0 0.0 0.0 0.0 0.3204045058883769 0.19482585721448675 0.0 0.0 0.0 0.0 0.0 0.0 0.0 0.22080523076016856 0.0 0.0 0.0 0.0 0.0 0.0 0.0 0.0 0.0 0.0 0.0 0.0 0.23950922579417921 0.0 0.0 0.2063753649119503 0.0 0.0 0.1984146567145766 0.0 0.0 0.0 0.0 0.0 0.0 0.449945295404814 0.0 0.0 0.0 0.0 
0.0 0.0 0.40649350649350646 0.0 0.0 0.0 0.31730504271149074 0.0 0.0 0.0 0.0 0.27591857857512503 0.0 0.25105485232067504 0.0 0.0 0.0 0.0 0.0 0.0 0.0 0.0 0.25105485232067504 0.0 0.0 0.0 0.0 0.0 0.0 0.2433442555805857 0.0 0.0 0.2598942802927624 0.3049886621315192 0.0 0.0 0.0 0.0 0.0 0.0 0.0 0.0 0.470550576184379 0.0 0.0 0.40632140137090633 0.0 0.0 0.0 
0.0 0.0 0.0 0.0 0.0 0.0 0.0 0.0 0.0 0.0 0.0 0.0 0.0 0.0 0.0 0.0 0.0 0.0 0.0 0.0 0.0 0.0 0.0 0.0 0.0 0.0 0.0 0.0 0.0 0.0 0.0 0.0 0.0 0.0 0.0 0.0 0.0 0.0 0.0 0.0 0.0 0.0 0.0 0.0 0.0 0.0 0.0 0.0 0.0 
0.0 0.0 0.0 0.0 0.0 0.20252291631301989 0.20252291631301989 0.0 0.0 0.6117216117216118 0.3883515412984482 0.0 0.0 0.0 0.0 0.0 0.2682759000330288 0.0 0.4349751566213005 0.0 0.0 0.0 0.0 0.0 0.0 0.0 0.0 0.0 0.0 0.0 0.0 0.4683088650479955 0.0 0.0 0.40912980234448537 0.0 0.0 0.39481707317073167 0.0 0.0 0.0 0.0 0.0 0.0 0.0 0.0 0.28907701837703903 0.0 0.0 
0.0 0.0 0.0 0.0 0.0 0.0 0.0 0.0 0.0 0.0 0.0 0.0 0.0 0.0 0.0 0.0 0.5950381679389313 0.0 0.0 0.0 0.0 0.0 0.0 0.0 0.0 0.0 0.0 0.0 0.0 0.0 0.0 0.0 0.0 0.0 0.0 0.0 0.0 0.0 0.0 0.0 0.0 0.0 0.0 0.0 0.0 0.0 0.0 0.0 0.0 
0.6716766142159523 0.0 0.0 0.0 0.0 0.0 0.4562818336162988 0.0 0.0 0.0 0.0 0.27591857857512503 0.0 0.25105485232067504 0.0 0.050000000000000044 0.0 0.0 0.0 0.5978233034571063 0.0 0.0 0.25105485232067504 0.0 0.0 0.0 0.0 0.2701459390862945 0.0 0.0 0.0 0.0 0.0 0.0 0.0 0.09999999999999998 0.0 0.0 0.0 0.0 0.0 0.0 0.0 0.0 0.0 0.0 0.0 0.0 0.0 
0.0 0.0 0.0 0.0 0.0 0.0 0.0 0.0 0.0 0.0 0.0 0.0 0.0 0.0 0.0 0.0 0.0 0.0 0.0 0.0 0.0 0.0 0.0 0.0 0.0 0.0 0.0 0.0 0.0 0.0 0.0 0.0 0.0 0.0 0.0 0.0 0.0 0.0 0.0 0.0 0.0 0.0 0.0 0.0 0.0 0.0 0.0 0.0 0.0 
0.0 0.0 0.0 0.0 0.050000000000000044 0.050000000000000044 0.0 0.0 0.0 0.0 0.0 0.3415693321353699 0.0 0.0 0.0 0.0 0.0 0.0 0.0 0.0 0.0 0.0 0.0 0.0 0.0 0.0 0.0 0.3354037267080745 0.0 0.050000000000000044 1.0 0.0 0.0 0.0 0.0 0.0 0.31086835771153487 0.0 0.0 0.0 0.0 0.0 0.0 0.050000000000000044 0.0 0.0 0.0 0.0 0.32972564812484273 
0.0 0.0 0.0 0.4683088650479955 0.22017225365194626 0.33456486042692934 0.33456486042692934 0.3422222222222222 0.0 0.3422222222222222 0.21242401122295784 0.38095238095238093 0.0 0.34558823529411764 0.0 0.26682495496970693 0.5686915887850468 0.0 0.23950922579417921 0.0 0.0 0.0 0.34558823529411764 0.26682495496970693 0.0 0.0 0.0 0.0 0.0 0.208916447277262 0.0 0.25896394611727414 0.35818713450292394 0.4221598877980365 0.22446975648075418 0.0 0.21242401122295784 0.21616719242902205 0.28544436196774403 0.0 0.0 0.0 0.0 0.0 0.0 0.0 0.0 0.0 0.0 
0.0 0.2851522985275936 0.41264959854567496 0.18325080731969856 0.15643084080335867 0.4826363301400147 0.23804764950431723 0.0 0.0 0.2646801051709028 0.14997103347522733 0.6016859852476291 0.050000000000000044 0.5389576883384932 0.7923076923076924 0.0 0.0 0.5503303341093563 0.17270674465092184 0.24807626538987693 0.0 0.0 0.5389576883384932 0.0 0.5833333333333334 0.0 0.0 0.475173598933857 0.050000000000000044 0.32403528917065594 0.0 0.1893709428851632 0.5610902562428595 0.8125 0.1600271821202055 0.0 0.0 0.15308819995193468 0.0 0.0 0.0 0.0 0.32417282318107343 0.0 0.0 0.2668447499673099 0.0 0.1600271821202055 0.0 
0.0 0.0 0.0 0.0 0.8548387096774194 0.8411764705882353 0.0 0.0 0.0 0.0 0.0 0.0 0.0 0.0 0.0 0.0 0.0 0.0 0.0 0.0 0.0 0.0 0.0 0.0 0.0 0.0 0.0 0.0 0.0 0.8411764705882353 0.050000000000000044 0.0 0.0 0.0 0.0 0.0 0.0 0.0 0.0 0.0 0.0 0.0 0.0 1.0 0.0 0.0 0.0 0.0 0.0 
0.0 0.0 0.0 0.0 0.0 0.0 0.0 0.0 0.0 0.0 0.19482585721448675 0.09999999999999998 0.0 0.09999999999999998 0.0 0.0 0.0 0.0 0.22080523076016856 0.0 0.0 0.0 0.09999999999999998 0.0 0.0 0.0 0.0 0.0 0.0 0.0 0.0 0.0 0.09999999999999998 0.09999999999999998 0.0 0.0 0.0 0.0 0.0 0.0 0.09999999999999998 0.0 0.0 0.0 0.0 0.0 0.0 0.0 0.0 
0.0 0.40649350649350646 0.0 0.0 0.0 0.0 0.0 0.4936257967754031 0.0 0.0 0.462582330229389 0.0 0.0 0.5360986918363968 0.0 0.0 0.352751263335205 0.0 0.0 0.0 0.0 0.0 0.5360986918363968 0.0 0.0 0.0 0.0 0.0 0.0 0.0 0.0 0.0 0.48416289592760187 0.0 0.48416289592760187 0.0 0.0 0.0 0.0 0.0 0.0 0.0 0.0 0.0 0.0 0.0 0.0 0.0 0.0 
0.0 0.0 0.0 0.0 0.0 0.0 0.35085874518051174 0.0 0.0 0.0 0.0 0.30301909131271276 0.0 0.2773215885338908 0.0 0.0 0.7044573643410853 0.0 0.0 0.0 0.0 0.0 0.2773215885338908 0.0 0.0 0.0 0.0 0.0 0.0 0.0 0.0 0.0 0.2864487060998152 0.0 0.0 0.9117647058823529 0.0 0.0 0.0 0.0 0.0 0.0 0.0 0.0 0.0 0.0 0.0 0.0 0.0 
0.0 0.5389576883384932 0.0 0.0 0.2674654464833247 0.2553020442538856 0.0 0.0 0.0 0.0 0.2590886760009825 0.288412852969815 0.0 0.2631336405529954 0.0 0.0 0.0 0.0 0.288412852969815 0.0 0.0 0.48684210526315796 0.2631336405529954 0.0 0.0 0.0 0.0 0.0 0.0 0.2553020442538856 0.0 0.0 0.27211714460036607 0.3179868458678867 0.0 0.0 0.0 0.0 0.0 0.0 0.0 0.0 0.0 0.42092791219755554 0.0 0.0 0.0 0.0 0.0 
0.0 0.3150875796178344 0.4094827586206896 0.20966924802779185 0.18089762093207318 0.27508143322475576 0.27508143322475576 0.0 0.0 0.0 0.33044078287052525 0.6736480806948726 0.0 0.8346774193548387 0.0 0.0 0.0 0.0 0.0 0.2773215885338908 0.0 0.0 0.8346774193548387 0.0 0.6111111111111112 0.0 0.0 0.0 0.0 0.37279285241561877 0.0 0.0 0.9522555275263391 0.8846153846153846 0.3500609508329947 0.0 0.0 0.0 0.0 0.0 0.0 0.0 0.36079774375503626 0.0 0.0 0.3018650996423097 0.0 0.1847826086956521 0.0 
0.0 0.0 0.0 0.0 0.0 0.0 0.0 0.0 0.0 0.050000000000000044 0.0 0.0 0.0 0.0 0.0 0.0 0.0 0.0 0.0 0.0 0.0 0.0 0.0 0.0 0.0 0.0 0.0 0.0 0.0 0.0 0.0 0.0 0.0 0.0 0.0 0.0 0.0 0.0 0.0 0.0 0.0 0.0 0.050000000000000044 0.0 0.0 0.050000000000000044 0.0 0.0 0.0 
0.0 0.0 0.0 0.2743425172197871 0.20225459819368452 0.0 0.0 0.3204045058883769 0.050000000000000044 0.0 0.0 0.22080523076016856 0.0 0.0 0.0 0.5250232723081697 0.0 0.0 0.0 0.0 0.440608695652174 0.0 0.0 0.2470839081901417 0.0 0.09999999999999998 0.0 0.40494024574987375 0.0 0.0 0.3415693321353699 0.09999999999999998 0.0 0.0 0.09999999999999998 0.0 0.3682351083566888 0.0 0.2650729252259655 0.0 0.0 0.0 0.0 0.0 0.050000000000000044 0.0 0.0 0.2695726374173363 0.2108118361153264 
0.0 0.0 0.0 0.0 0.0 0.0 0.24427739401327364 0.0 0.0 0.09999999999999998 0.0 0.0 0.0 0.0 0.0 0.0 0.0 0.0 0.0 0.0 0.0 0.0 0.0 0.0 0.0 0.0 0.0 0.0 0.0 0.0 0.0 0.0 0.0 0.3145581938497469 0.0 0.0 0.1899543378995434 0.3657450796626054 0.0 0.0 0.0 0.0 0.9 0.0 0.0 0.7931372549019609 0.0 0.20135524420583994 0.3874657237696637 
0.0 0.0 0.0 0.0 0.0 0.0 0.28212823316971447 0.0 0.0 0.09999999999999998 0.0 0.0 0.0 0.0 0.0 0.0 0.0 0.0 0.0 0.0 0.0 0.0 0.0 0.0 0.0 0.0 0.0 0.0 0.0 0.0 0.0 0.0 0.0 0.3565721256480635 0.0 0.0 0.2195880452342488 0.22338772338772328 0.0 0.0 0.0 0.0 0.94 0.0 0.0 0.8480730223123732 0.0 0.2318163751987281 0.2365125240847784 
0.0 0.0 0.0 0.0 0.09999999999999998 0.09999999999999998 0.0 0.0 0.0 0.0 0.0 0.0 0.0 0.0 0.0 0.0 0.0 0.0 0.0 0.0 0.0 0.0 0.0 0.0 0.0 0.0 0.0 0.0 0.0 0.09999999999999998 0.050000000000000044 0.0 0.0 0.0 0.0 0.0 0.0 0.0 0.0 0.0 0.0 0.0 0.0 0.09999999999999998 0.0 0.0 0.0 0.0 0.0 
0.0 0.0 0.0 0.050000000000000044 0.0 0.0 0.0 0.0 0.09999999999999998 0.0 0.0 0.2470839081901417 0.0 0.0 0.0 0.0 0.0 0.0 0.0 0.0 0.050000000000000044 0.0 0.0 0.0 0.0 0.050000000000000044 0.0 0.24158473105841527 0.0 0.0 0.8478260869565217 0.050000000000000044 0.0 0.0 0.050000000000000044 0.0 0.2195880452342488 0.0 0.0 0.0 0.0 0.0 0.0 0.0 0.050000000000000044 0.0 0.0 0.0 0.2365125240847784 
0.0 0.0 0.0 0.0 0.0 0.0 0.0 0.0 0.0 0.0 0.0 0.0 0.0 0.0 0.0 0.0 0.0 0.0 0.0 0.7307692307692308 0.0 0.0 0.0 0.0 1.0 0.0 0.0 0.0 0.0 0.0 0.0 0.0 0.0 0.6666666666666666 0.0 0.0 0.0 0.0 0.0 0.0 0.0 0.0 0.0 0.0 0.0 0.0 0.0 0.0 0.0 
0.0 0.0 0.0 0.0 0.0 0.0 0.0 0.0 0.0 0.09999999999999998 0.0 0.0 0.0 0.0 0.0 0.0 0.2836808340016038 0.0 0.0 0.0 0.0 0.0 0.0 0.0 0.0 0.0 0.0 0.0 0.0 0.0 0.0 0.0 0.0 0.3565721256480635 0.0 0.399677245831092 0.0 0.0 0.0 0.0 0.0 0.0 0.94 0.0 0.0 0.8904574940252646 0.0 0.0 0.0 
0.0 0.0 0.40649350649350646 0.0 0.0 0.0 0.050000000000000044 0.0 0.0 0.0 0.0 0.27591857857512503 0.0 0.25105485232067504 0.0 0.0 0.0 0.0 0.0 0.0 0.0 0.0 0.25105485232067504 0.050000000000000044 0.0 0.0 0.0 0.0 0.0 0.2433442555805857 0.0 0.0 0.2598942802927624 0.3049886621315192 0.0 0.0 0.050000000000000044 0.050000000000000044 0.0 0.0 0.0 0.0 0.3657450796626054 0.0 0.0 0.31428972487366647 0.0 0.050000000000000044 0.050000000000000044 
0.050000000000000044 0.0 0.0 0.4976851851851851 0.0 0.26937077483099325 0.26937077483099325 0.0 0.0 0.0 0.27321428571428574 0.30301909131271276 0.0 0.2773215885338908 0.0 0.09999999999999998 0.0 0.0 0.30301909131271276 0.050000000000000044 0.0 0.0 0.2773215885338908 0.0 0.0 0.0 0.0 0.0 0.0 0.0 0.0 0.0 0.2864487060998152 0.33311475409836067 0.0 0.050000000000000044 0.0 0.0 0.0 0.0 0.0 0.0 0.0 0.0 0.0 0.0 0.0 0.0 0.0 
0.0 0.0 0.0 0.0 0.0 0.0 0.0 0.0 0.0 0.0 0.0 0.0 0.0 0.0 0.0 0.0 0.0 0.0 0.0 0.0 0.0 0.0 0.0 0.0 0.0 0.0 0.0 0.0 0.0 0.0 0.0 0.0 0.0 0.0 0.0 0.0 0.0 0.0 0.0 0.0 0.0 0.0 0.0 0.0 0.0 0.0 0.0 0.0 0.0 
0.0 0.0 0.0 0.0 0.0 0.0 0.0 0.0 0.0 0.0 0.050000000000000044 0.0 0.0 0.0 0.0 0.0 0.0 0.0 0.050000000000000044 0.0 0.0 0.0 0.0 0.0 0.0 0.0 0.0 0.0 0.0 0.0 0.0 0.0 0.0 0.3464980114891737 0.0 0.0 0.0 0.0 0.0 0.0 0.0 0.050000000000000044 0.8846153846153846 0.0 0.0 0.7681159420289855 0.0 0.0 0.0 
0.0 0.0 0.0 0.0 0.0 0.26937077483099325 0.0 0.0 0.0 0.0 0.0 0.0 0.0 0.0 0.0 0.0 0.0 0.0 0.0 0.0 0.0 1.0 0.0 0.0 0.0 0.0 0.0 0.0 0.0 0.0 0.0 0.0 0.0 0.0 0.0 0.0 0.0 0.0 0.0 0.0 0.0 0.0 0.0 0.0 0.0 0.0 0.0 0.0 0.0 
0.0 0.0 0.0 0.0 0.25619834710743805 0.19590350173750337 0.23900695001336547 0.0 0.0 0.0 0.0 0.22936222361284941 0.0 0.20378151260504196 0.0 0.0 0.0 0.0 0.0 0.0 0.0 0.0 0.20378151260504196 0.09999999999999998 0.0 0.3609625668449198 0.0 0.0 0.0 0.2413163856028191 0.0 0.0 0.21283554196398236 0.31914893617021267 0.0 0.0 0.050000000000000044 0.050000000000000044 0.0 0.0 0.0 0.0 0.25063211125158036 0.0 0.0 0.20630650021523889 0.3609625668449198 0.050000000000000044 0.050000000000000044 
0.0 0.0 0.0 0.0 0.0 0.0 0.0 0.0 0.0 0.0 0.0 0.0 0.0 0.0 0.0 0.0 0.0 0.0 0.0 0.0 0.0 0.0 0.0 0.0 0.0 0.0 0.0 0.0 0.0 0.0 0.0 0.0 0.0 0.0 0.0 0.0 0.0 0.0 0.0 0.0 0.0 0.0 0.0 0.0 0.0 0.0 0.0 0.0 0.0 
0.050000000000000044 0.0 0.0 0.0 0.0 0.0 0.0 0.0 0.0 0.0 0.2195880452342488 0.0 0.0 0.0 0.0 0.09999999999999998 0.0 0.0 0.2470839081901417 0.050000000000000044 0.0 0.0 0.0 0.0 0.0 0.0 0.75 0.0 0.0 0.0 0.0 0.0 0.0 0.0 0.0 0.050000000000000044 0.0 0.0 0.0 0.0 0.0 0.0 0.0 0.0 0.0 0.0 0.0 0.0 0.0 
0.0 0.0 0.0 0.0 0.0 0.0 0.0 0.0 0.0 0.0 0.20014378594648663 0.09999999999999998 0.0 0.09999999999999998 0.0 0.0 0.0 0.0 0.2264711520030669 0.0 0.0 0.0 0.09999999999999998 0.0 0.0 0.0 0.0 0.0 0.0 0.0 0.0 0.0 0.09999999999999998 0.09999999999999998 0.0 0.0 0.0 0.0 0.0 0.0 0.09999999999999998 0.0 0.0 0.0 0.0 0.0 0.0 0.0 0.0 
0.0 0.0 0.0 0.0 0.2136164171399071 0.20252291631301989 0.0 0.0 0.0 0.0 0.050000000000000044 0.0 0.0 0.0 0.0 0.25962112171837703 0.0 0.0 0.050000000000000044 0.0 0.0 0.0 0.0 0.0 0.0 0.28907701837703903 0.0 0.0 0.0 0.20252291631301989 0.0 0.25186289120715355 0.0 0.0 0.2178518026250208 0.0 0.0 0.0 0.0 0.3342601173926476 0.0 0.3410850599781897 0.0 0.3556495468277946 0.0 0.0 0.0 0.0 0.0 
0.050000000000000044 0.0 0.0 0.0 0.0 0.0 0.26474042753112526 0.0 0.0 0.0 0.0 0.49668571010034424 0.0 0.20966924802779185 0.0 0.050000000000000044 0.565550041356493 0.0 0.0 0.050000000000000044 0.0 0.0 0.20966924802779185 0.0 0.0 0.0 0.0 0.48631777845260993 0.0 0.0 0.3556495468277946 0.0 0.2178518026250208 0.0 0.0 0.8125 0.44466370662719945 0.0 0.0 0.0 0.0 0.0 0.0 0.0 0.0 0.0 0.0 0.0 0.47674164664773966 
0.0 0.0 0.0 0.0 0.0 0.0 0.0 0.0 0.0 0.0 0.0 0.0 0.0 0.0 0.0 0.0 0.0 0.0 0.0 0.0 0.0 0.0 0.0 0.0 0.0 0.0 0.0 0.0 0.0 0.0 0.0 0.0 0.0 0.0 0.0 0.0 0.0 0.0 0.0 0.45717234262125905 0.0 0.42092791219755554 0.0 0.0 0.0 0.0 0.0 0.0 0.0 
0.0 0.0 0.0 0.0 0.0 0.0 0.0 0.0 0.0 0.0 0.0 0.0 0.0 0.0 0.0 0.0 0.0 0.0 0.0 0.43760907504363 0.0 0.0 0.0 0.0 0.7727272727272727 0.0 0.9307692307692308 0.0 0.0 0.0 0.0 0.0 0.0 0.372702823845809 0.0 0.0 0.0 0.0 0.0 0.0 0.0 0.0 0.0 0.0 0.0 0.0 0.0 0.0 0.0 
0.050000000000000044 0.0 0.0 0.0 0.0 0.0 0.0 0.0 0.0 0.0 0.0 0.5250232723081697 0.0 0.0 0.0 0.050000000000000044 0.0 0.0 0.0 0.050000000000000044 0.0 0.0 0.0 0.0 0.0 0.0 0.0 0.5145506419400856 0.0 0.0 0.372702823845809 0.0 0.0 0.0 0.0 0.050000000000000044 0.4724113674732695 0.0 0.0 0.0 0.0 0.0 0.0 0.0 0.0 0.0 0.0 0.0 0.5048709847288047 
